13739
16408
15159
10831
17906
15113
12441
16827
17855
12192
19124
13484
10326
13274
18156
12119
16519
14658
13212
16707
18995
19276
14576
17470
15299
10681
13634
16646
18895
11404
17740
12693
16623
17944
12071
12815
15853
15683
14413
14468
17996
13656
12206
13393
11263
18002
17141
19679
16706
10052
18952
11024
16889
10641
11340
10430
16356
16386
17551
19667
18142
17127
14278
19871
19827
15323
11884
11225
19137
11056
19262
18484
10306
18022
17875
17403
11918
16225
10478
11035
10897
15210
16922
15922
15345
14242
16303
11659
11506
13775
10790
11150
14736
17298
14075
10850
18462
16413
17917
15601
19400
18661
13203
13674
17637
19515
10438
19469
13875
15487
18592
16308
15009
13070
15661
12878
12967
15738
11582
17161
18227
14524
19261
13425
17736
14040
13602
14884
19940
10895
14212
15755
15467
19092
13420
19487
11789
16668
18627
17312
17983
10556
17994
12999
11280
14375
15328
15259
13476
15693
11298
10909
10249
18359
13813
10361
17447
18041
18915
13767
15134
15535
17214
16347
13871
18325
19926
16611
11079
16942
16992
19501
13935
17554
10797
14525
12525
19071
10227
12028
15678
12729
13094
11229
18563
12415
11472
18848
12086
13405
11454
10434
17425
14271
17613
10970
14629
12221
15525
13936
11839
19556
16175
14381
15357
13095
18186
15654
13490
11599
12971
13447
10313
13852
11329
13463
12316
14531
13527
10547
17138
11721
14328
12641
11638
17035
14631
19093
12201
12164
18939
10398
10093
18925
16545
18477
12704
15916
18045
13555
17286
16525
15014
17583
11269
17259
16466
13496
18586
14473
10975
19838
14224
11481
18243
19805
14452
14636
18402
13758
19064
10357
15458
14969
12756
10844
10079
15631
11661
14965
16795
18180
18132
12953
15609
10047
17031
13973
11444
17622
12942
13832
16604
13943
12090
18315
15815
12662
10724
16247
17635
11859
12051
19509
17021
16233
15559
13677
10016
11040
15912
14476
19352
16590
18869
11656
13156
19677
12714
17066
13144
12508
12939
10946
14121
15613
15858
14310
17612
19514
18269
16118
17718
16336
19478
10999
19554
15517
12618
13231
13617
13255
14275
12976
18330
14183
17457
15482
16377
11836
16243
13246
16597
13639
13331
18106
14253
14647
10120
12813
16970
17131
19020
10543
18758
13771
10372
14530
13631
13227
16730
10269
11685
11800
16293
14485
17865
13051
12260
10840
18774
11430
12637
16849
10265
15216
10731
12765
11131
17017
10763
18467
13026
16598
13925
10421
15686
17950
16326
12597
18930
12555
14950
13550
14906
19751
13997
17580
10092
10917
19200
10136
11910
13717
16354
13763
15814
19328
17967
16532
11494
18639
10737
17722
11127
10131
10678
19305
18095
16987
13333
15884
15185
17595
19765
10451
16190
11474
19466
19429
10531
13983
17135
15249
16765
19443
10686
19739
16025
10086
19414
12053
16806
10365
11427
11198
17225
17374
19690
17373
11221
14259
18631
10076
12475
17545
15850
19396
17518
12724
19367
12654
17044
19906
18048
12605
10427
11854
11636
13465
13149
17797
10375
17342
17891
17443
14852
11938
15326
14035
16221
12262
17308
13278
17442
13426
19728
15040
17819
17530
17460
14952
17618
18458
15212
19653
10499
16181
17119
18254
13629
10736
19997
11972
15855
11768
12403
16688
17823
12623
10169
12744
15696
12061
14754
11948
15082
14955
12156
17971
19624
13577
19080
14182
19736
13858
15103
11752
12305
13718
19987
16648
19191
17115
13611
18575
11039
17532
19202
14433
13716
18196
17614
11849
11446
14962
12467
10197
16271
19911
13569
18457
13226
11977
17195
10878
11955
13964
17511
19403
18863
10896
15394
11554
16306
11807
12821
13595
12997
18123
14293
12556
14827
11691
16746
10794
13599
17475
14138
14642
11569
19777
13872
10407
10496
16737
15287
16593
14441
19634
19717
14986
19342
17184
19450
17982
10284
17226
11751
19864
12955
19719
16049
13660
11080
11049
17804
18533
19846
15127
14741
16880
10755
11596
15560
18107
15900
16589
16204
17053
16442
12264
16716
11493
17574
18449
17104
17710
19680
15532
13994
18757
12308
10010
12917
16934
18215
14066
18338
14197
17019
17232
18884
10955
10993
11072
10217
17868
16869
15099
10638
11138
12488
10129
15284
17803
15801
15224
14630
18890
10717
16796
19517
12627
16933
12660
12479
12834
10773
19188
16112
18307
12829
10994
10104
13066
19888
18942
17743
18242
18531
18081
19952
11581
18678
11213
12667
18756
15022
15659
18421
14869
19783
13018
17109
13670
12513
16761
14015
16820
14235
13017
12271
13817
12484
11102
15931
13023
15229
11247
14859
17082
17154
18962
15943
13215
13877
10359
15376
18687
15112
19716
14368
16770
13214
19887
15427
12925
12397
15074
18412
10813
14939
16587
14958
11860
14148
17882
10122
15008
18644
19353
10967
17977
16999
17596
12799
16798
13344
18233
14081
10505
10462
19214
14090
15492
11538
10201
18556
12357
15393
13900
16119
12057
13995
12330
16719
15108
19127
17496
16852
10647
15971
14147
18649
16758
17040
18591
11461
15151
16394
10951
13138
12782
11160
16499
18277
19321
10060
19447
11528
17607
10143
11893
10341
10536
19945
16046
10809
19011
10409
17954
13423
15415
13785
10098
19405
10036
16469
19737
15155
19470
14806
13378
11697
18565
15536
13251
10289
14685
16124
17942
14215
14069
15913
18960
11570
10606
18658
12849
17445
14219
17527
19281
11128
10561
14194
16248
15826
18466
13879
18311
13474
11065
10115
14392
14592
18992
15847
14930
12903
13702
11516
16011
11923
18702
12760
19722
11883
10906
12327
13240
13003
18147
11855
18072
17446
18616
18655
19885
11541
14222
17747
13782
10626
19553
17343
12891
19999
19349
13723
19576
18032
16015
10005
12445
16958
10722
18263
19302
10823
10689
14602
17047
14526
17242
14726
17120
12459
10001
12899
15141
19401
11321
15264
17911
11232
17146
18571
13234
10184
16866
18735
18937
11443
11852
12249
12682
12437
14808
14846
13520
18878
17550
16832
15956
15451
11613
19898
13557
18775
17886
11184
12930
19123
15951
16699
18455
16255
15617
16154
18413
11149
11518
12764
18593
11973
10414
17186
12188
15091
17012
10530
18296
14809
18108
13183
12719
10056
18440
16343
18823
11889
12619
18696
17288
13794
18612
11388
12149
17347
19241
17644
18807
16073
19534
19212
14771
14336
13430
13752
15557
12044
11112
11716
15528
13090
10868
13986
11054
14283
14506
18111
11812
18334
11339
11895
19471
11358
18220
10783
19084
13354
15921
16415
15998
11324
18322
15599
13849
17774
19121
10294
16875
12961
18349
18973
18175
13537
10680
13316
13822
18673
15237
18820
19727
14825
10709
12140
10142
13482
19629
10034
16405
10730
15360
11429
17799
15901
13077
19267
10296
12171
17079
11241
15926
16723
14565
19395
10145
18868
13693
16325
11103
10096
14289
18542
10570
18603
19730
18231
14064
12048
15473
14928
15290
12006
10816
19455
11425
15692
16733
17602
17295
18494
19377
12970
11417
15796
12536
13169
16030
16312
10125
13651
18928
10472
12079
10193
16974
18980
19122
11917
13851
12889
12996
14573
15100
12548
12819
16432
13800
15283
15780
19555
19069
13491
12358
17821
11921
16322
17036
19535
17076
10403
13291
11690
12177
18923
11825
16985
16290
10904
13932
19196
10206
11365
18485
16627
13952
10822
17423
18889
16068
16654
10795
15191
10785
19453
18913
15897
13988
16524
12924
17352
15156
15054
11664
18841
11547
19671
19484
13760
13934
19720
18416
13529
17898
19387
18208
13841
17406
18143
10082
18668
10288
19480
17414
13373
12362
14597
12506
10239
14454
13812
13793
17114
19311
14071
11551
14098
14115
17382
14469
14532
12073
18835
17458
11124
15066
11176
14891
16935
11562
17999
13371
16615
13068
15758
12838
15602
14478
11114
15214
12391
19306
16925
13117
13497
15258
19985
13459
19874
16209
19040
13920
10829
10804
19247
13194
10697
14274
15969
15028
17375
13697
18037
19394
16467
10101
19956
11555
15065
14924
10215
10732
15908
17094
15888
10033
13260
12792
12571
18008
19158
11666
13370
10371
11479
15420
18580
19058
18886
15611
18776
12578
17385
12632
15962
14570
18091
15623
16596
19362
10628
15422
18321
18610
17866
11959
12341
13754
11175
18608
17503
18327
19424
10652
12871
12353
17209
12530
10386
16044
13287
15507
18699
16930
16850
12046
19684
16223
17785
15389
15635
14863
11885
16971
12032
17466
10300
18549
19421
14842
14634
12312
14622
15996
11992
15410
15333
11549
10959
18503
16491
14918
17262
11587
17006
16886
16358
12673
10861
10256
13349
12250
17032
10847
12873
11092
13038
15906
10490
13308
12591
11342
19713
19005
12762
16867
11189
17440
17250
14639
18799
12715
16649
19291
10127
18194
16769
17748
15260
10924
11083
12279
16241
13297
12968
10740
12106
15920
19427
14665
17103
10758
15905
12914
19275
14198
10824
17698
12318
19578
11932
12303
17077
17645
13552
19969
19166
12058
15094
13809
18055
17702
13827
17491
16528
15469
19442
16777
19340
12668
16969
10882
15579
15770
16381
13208
11186
17522
11363
19411
13648
15396
10596
15055
11681
19721
14014
16793
14261
16574
16731
14794
14867
13691
15799
17048
19224
19584
10038
17424
10225
18150
16018
12579
18454
12554
19970
16176
12948
19878
12980
11641
16729
14528
14505
15856
18016
11249
16470
14514
12772
13131
17651
14250
17713
14905
19627
19280
14992
15466
10250
15763
15222
14848
19589
10113
18583
14953
15058
13904
15689
18997
11513
12937
13337
17494
19646
15301
14894
10003
15489
10933
11934
16059
11692
15903
15867
16258
14988
19546
19436
12909
17646
17756
13341
17916
10349
17514
13806
11025
15574
13273
13579
11890
15834
15441
18360
18666
11671
14724
19528
11070
14903
10015
17685
16781
15386
17260
18916
10551
12125
17507
13630
15628
16443
10802
15640
16685
18255
12281
17067
10932
13421
10770
14082
19814
14753
15310
10431
12793
13323
19825
19013
19053
11985
15914
18522
12594
10054
15011
15889
11037
19490
11302
18972
10684
16392
15320
13005
19617
19674
18432
12251
12784
10202
16828
15818
12302
18524
17720
14662
11467
19791
13924
14251
12547
13921
11406
12193
11515
18248
14231
17448
16588
17398
11030
19951
17516
14758
18751
19504
15245
13519
10314
11209
13057
14933
18179
11081
15365
18546
16929
14672
19787
19890
10139
18745
14777
11598
19947
10704
12880
18273
18793
17643
19101
10634
15418
15929
11713
17800
16372
13575
10655
11720
16675
14000
13115
11795
17921
13979
16566
13642
11673
19571
19256
19027
13146
14603
16571
18872
12759
19378
17660
19016
15234
13747
15709
11765
10718
19477
19440
11153
19718
16526
13542
10461
18261
17238
13147
13471
18633
18262
11909
18514
19476
17164
12157
19283
12472
14211
12701
14637
14871
19650
19433
19307
15317
12085
14681
15894
19643
19691
18500
17453
13391
19851
16836
16860
19489
15157
15392
19916
11312
13133
14693
11803
11815
10356
10413
18310
19746
18882
17193
15147
11738
13410
19513
17859
17399
18558
10272
18670
19688
11412
11168
19255
16177
17489
13682
16718
10721
12493
11197
19661
19982
14521
10074
17826
19272
11924
15999
10008
16370
18510
19370
12534
16216
11152
11397
10103
15509
12244
14623
17495
17336
17390
15027
13501
19792
17162
18676
13570
14065
14900
18643
14763
13676
16717
12700
17931
11631
10872
18014
17287
19404
15876
15110
16984
10520
18754
13329
12375
14463
18284
11771
12321
18871
10664
15337
18864
14677
12688
14616
16148
15586
17504
15522
13623
13453
10838
19488
16037
16683
13137
12068
18844
19529
19230
19799
16092
12217
16552
12277
19141
12075
15703
19876
16829
18984
12237
11882
17714
19182
19139
13721
11851
17150
10552
11997
16453
11237
16296
19934
18476
13535
13002
17814
17213
15476
15787
11044
10976
11272
15471
17218
10579
14461
15495
19538
17391
10720
16972
13686
19485
10990
12214
16786
13186
17010
18695
18202
15859
16503
11061
14509
11794
17955
14321
14667
16776
17749
18278
16039
16183
16962
19613
12388
14687
19347
16351
17839
19406
19879
19561
15927
11568
17828
14501
16841
13606
18230
13593
16292
15294
13985
19675
19037
15990
10159
12786
18314
16915
18602
14020
18555
13290
16189
18114
11059
15753
15484
14784
12649
11715
12419
10700
16284
17084
13395
18880
11119
13158
18050
12888
14436
17064
19345
14785
10542
15712
16547
17210
18357
19240
14571
14218
17658
10283
18117
10442
17368
19052
10025
18613
12117
18814
19620
14513
15713
17632
10805
19565
17170
18621
11503
16712
11567
16901
17101
15178
12757
11367
11521
13428
11868
15991
19550
18283
19479
14316
15370
18909
16126
11344
19289
11741
12824
11465
12935
13024
14940
10576
15760
18424
10484
11824
16914
17228
16495
12158
15004
19596
18883
11600
14768
15937
12614
12478
18140
10200
19142
19024
13511
10512
18781
13586
11117
10705
16238
13136
13605
10189
19857
19601
12857
15647
10884
15359
13998
10057
14832
17951
12818
19134
15236
10714
19217
13778
12123
13696
10541
19954
12451
19844
11442
18423
12847
19924
17730
10889
18302
17377
13125
19789
10914
12616
11695
10323
12586
18861
19343
11937
19858
18594
17524
14668
12881
19551
16324
17299
10268
14868
11384
13276
11705
17723
18491
15186
17163
13071
19270
14167
19265
15048
13764
17049
13948
16686
14246
18281
12393
18903
10058
18642
16436
10591
17874
16054
12120
17197
11560
15643
17477
14559
12855
13533
15634
14216
10846
18232
10303
10557
16553
19524
15984
19407
12033
13903
16458
16064
14445
19569
17482
13553
11335
16123
17452
13787
15152
15779
10610
10492
19673
11704
19176
16338
18274
13295
14002
16195
17782
17171
16494
17046
19242
14815
19136
11066
15026
16967
15350
16217
13096
16008
16529
15539
19418
16404
14774
14144
17678
13746
13528
10888
12147
15862
16840
20000
15252
11830
16464
18488
11032
17721
10997
19360
19621
14048
18078
12529
13293
15552
15950
11094
18052
10061
15165
14609
17700
15199
19549
10222
13171
17455
12617
17604
11597
15976
11327
14196
13779
18079
12130
18554
18222
13870
14902
18395
17876
14114
17943
13727
11053
16809
18958
12179
14244
11126
13236
16422
11362
18573
18316
12839
14739
11821
13589
18961
16096
14276
13086
11633
11861
12336
10701
11653
15371
15667
16679
15994
12066
12166
16630
12229
16451
10446
15624
15164
11662
15308
18998
17307
11211
16403
19365
19287
12725
14920
10404
16976
17362
12031
16320
12558
16565
14164
11258
16544
11228
19369
16782
16952
17386
16498
17272
14523
11113
15235
16946
13170
12143
11951
11701
17088
10500
15941
13063
13663
13902
13355
13166
11151
12640
12676
11872
17557
11256
15062
10259
13079
15385
14460
12802
13582
13768
17441
16295
14749
18264
13909
16384
19472
10974
13857
15124
10070
13201
19374
18340
14339
18012
12037
14979
13326
19266
19208
10336
12887
11174
12533
19568
14674
17402
13283
19032
19465
14508
12434
18112
15231
12035
14649
15911
10566
17434
10198
15958
16845
15435
12921
11510
15404
18641
17056
18469
15353
13541
15493
19925
18618
18957
18189
14919
18361
11649
16266
17864
12243
18478
12100
12842
19984
18197
19860
15658
19522
13886
12176
10449
15562
17257
13093
13241
14879
16802
13715
16304
19547
15705
18130
12333
17601
15298
16269
17261
10267
11354
10729
10893
15886
13742
12054
17098
18885
11316
15223
14411
16088
18183
11235
13001
14072
18833
10599
16741
11511
15318
14746
14787
19788
14039
14343
10916
11500
11780
19398
11897
11608
10573
19962
12975
12913
15710
15669
11594
17196
16450
11975
11448
12007
14495
15276
13594
17204
15644
15691
19711
16831
11881
19681
12893
13412
13714
18742
10905
16110
17159
14542
14957
14052
10150
13814
17329
13508
11242
19843
19366
13382
14613
18816
19156
17807
10519
13850
11480
15887
16231
19076
15316
10075
10569
18097
17118
15714
14812
17919
18369
15367
12001
18779
17078
12274
15400
18787
15829
19523
11864
16145
16949
12284
17733
15331
11858
16350
19820
11062
16514
14149
13109
14061
13601
12099
17725
12438
17682
17243
14711
14844
18389
15857
18622
15721
14446
11369
11234
17273
10447
14951
16398
19232
11755
12135
18350
17371
12186
17694
19344
13047
18708
11046
11190
14361
15655
19041
11640
14650
17279
15642
10118
15556
10152
12083
19155
13869
18782
12780
12436
10978
17582
14458
10168
11379
19536
10423
16873
14582
16182
16137
18374
10524
14491
13381
11009
11318
13314
14467
13365
16681
15955
19225
19102
17761
14935
14911
11469
12216
18730
14124
17057
10055
11403
14088
19900
19423
13211
15130
19299
18343
18157
17835
12050
19615
18018
19038
12684
11019
12992
11482
14551
10420
14104
15101
10187
14453
12720
11026
13798
14716
16481
11343
18367
15241
12905
17303
11093
15964
18615
14163
13477
19781
19327
10221
19279
19891
14166
12928
11351
16750
13620
10069
19495
16281
19057
14292
12473
17827
10931
16511
14243
14641
14751
10913
17840
19936
13526
13974
16085
11747
10881
11642
15073
18332
15238
13864
13517
19073
14448
12154
14606
12291
18667
11592
10347
18006
15453
18287
14154
17461
10018
14286
12926
19729
13650
19865
15868
14590
14983
16005
11787
10899
19006
16784
19062
13926
14137
11325
12342
15810
13232
19195
15840
10621
14718
19383
13685
15279
15198
12702
18991
19582
17061
13257
19019
13808
10836
10623
19636
18570
12734
17002
19622
15680
10940
11477
12944
17393
12841
15627
16790
16036
18171
16076
17566
19818
13202
14256
17153
11043
11029
11719
16541
17099
11663
19246
17969
10699
10126
11670
16203
14117
12907
15107
16344
10464
16660
15399
12084
16878
19822
17535
19154
17451
11110
12087
13267
18173
15604
17998
11236
13590
13672
12228
12373
19341
19539
19574
14591
12639
16837
13296
16003
12577
16078
19316
19274
13753
11616
19935
15000
15839
19039
18400
19694
10807
12954
18672
17144
19760
13949
12680
18528
11657
19778
11332
18083
11295
15228
11589
14287
13730
18851
14257
12121
19957
13048
13944
12965
10319
11595
16848
10275
15193
19238
12622
15291
16687
10002
17956
14152
18795
17934
11352
19014
17167
14615
13269
17265
13433
11400
18023
12394
13052
19631
11098
17420
14058
15330
11285
12122
19710
16533
18377
15459
17395
15932
17523
13585
16301
10774
10745
15119
14465
18383
17772
17427
13918
13458
16661
13121
10855
18039
10021
10457
12732
14172
10798
17928
15047
11091
13862
12042
14518
13049
17324
19422
13802
13571
10360
15795
12363
14131
11141
17486
16297
19304
11682
11777
13678
15603
17165
13811
10433
15881
16047
10594
15866
11100
13965
15209
19354
18553
16908
13701
12902
16479
13081
15663
10042
13358
13657
18907
11718
10753
18379
17593
11137
17014
14083
10887
16397
13522
16300
14527
12982
12401
18176
12747
15731
11907
16103
18857
12008
18731
10514
12189
14747
12564
17847
13826
18403
16051
13613
14985
16960
11843
15685
11558
18299
12462
13377
13583
12664
14837
17498
15885
13829
19630
10348
16433
17122
14003
16817
10935
10231
19507
17190
16035
19235
19542
18415
16477
17963
19096
10329
17968
11371
18448
11543
18660
17957
14380
19640
18240
14781
19174
16702
12292
15554
12669
14070
11276
12636
13736
16444
18487
16626
16033
19185
13708
15006
14177
19205
12485
10388
17688
14352
12105
12227
10063
18845
12110
15671
17639
10358
17359
15917
17662
16755
16830
15247
12672
12039
12830
15232
16885
15630
16236
19474
18066
18093
12553
18077
10869
12912
12114
12036
16157
19580
13801
15111
12778
10309
12706
19493
12423
16199
15690
19211
13815
14424
10928
16998
11191
14085
13159
19877
11166
12421
19766
19105
15045
14301
16129
12983
18665
12828
12337
10776
18348
16072
14659
13910
17130
16944
11727
10363
16367
13891
17405
15549
15636
11331
13913
17961
15511
13128
12286
19026
10956
11297
15970
13192
19937
17548
19861
13647
10817
16560
16506
16705
15645
10412
10253
18910
19881
19869
14732
18192
10781
10035
14386
14790
10475
11842
13523
13367
18601
11684
10031
10632
14734
16013
13881
16082
10630
14063
10744
15096
15870
11122
19638
14245
17394
12565
16075
16639
14202
14300
11432
11109
19619
11793
13939
18717
16567
17431
11204
12183
19657
17271
14594
15612
16990
10845
12137
18495
10683
18843
15910
11904
17959
16401
11187
11835
17267
17124
15724
12775
17151
12709
16774
10870
14123
12752
13176
19665
12435
14735
10261
17251
11382
11505
19914
10663
18733
11847
19268
17812
18734
13372
15375
14932
15472
15081
10186
10298
14796
19738
14184
19157
11999
19417
12452
15477
19530
11679
12736
12030
17932
14013
13067
11988
13971
19511
13618
10695
18999
19775
19959
18535
13107
11978
16507
18135
19324
11708
18780
15789
17792
19197
18876
19090
11202
13313
17001
10368
18266
14056
13352
14830
11207
13286
19243
16898
18502
11735
17621
14128
15117
10441
10894
14972
16028
13839
15090
14999
11296
17563
14517
15041
18120
13020
15966
19257
16728
19600
16313
10661
13525
16147
10248
15725
19183
19250
11792
13848
12131
11450
11912
14857
14569
18920
14370
16489
18978
18936
18265
16242
14049
13745
13866
18451
18521
13016
16357
17809
10437
12433
19297
18428
15775
11931
12644
15849
12707
19219
17679
16226
18679
10943
14443
12567
13906
13578
18590
15109
13941
17401
19117
14449
17789
16939
16229
17778
17005
17069
18720
15578
12247
14818
10233
13118
15093
17437
16794
13744
17948
11492
12180
12753
13065
16655
16327
12647
19656
10691
12526
19329
14803
16406
18800
16109
11644
15207
12606
16239
15666
14267
17703
17820
12611
13030
12549
10043
16492
13173
13460
16120
17834
16393
13572
15461
10134
16485
18701
16214
19348
12858
16454
18963
15071
13757
13322
18168
18434
15513
13353
11753
18245
14587
13407
13733
10725
16955
17560
12696
11941
13152
15681
12509
19608
13756
12686
17189
16061
17605
16438
16725
17502
10698
13776
18684
13536
10295
15304
16516
18219
15196
19772
12101
14745
10964
15540
14778
13127
18464
19992
17305
19012
18623
16291
18073
11626
17779
15974
13185
11991
11621
15648
16311
12866
18752
11823
15025
10915
10616
17912
14967
12359
16521
18170
14941
19337
18057
18177
15533
17981
18137
12810
17089
10133
16887
17541
18664
15436
14456
16811
16534
11458
11627
13320
15767
15105
13340
18574
16105
10044
17598
14273
18762
12665
14676
10898
16517
12339
16414
10378
14307
14792
15695
16902
12840
12915
19548
17914
11193
12499
12219
13053
11132
14554
11096
12460
19359
12552
18472
14247
13544
12906
17822
17201
17764
19091
14974
16753
10998
15711
15739
13153
11257
17534
18167
11632
17493
14605
15181
18164
10346
10334
18447
16362
18626
14180
16380
17043
17542
17500
14961
12581
18301
13399
11159
13486
19575
12540
18600
12439
16006
19386
18569
11693
14155
19415
13315
16471
10128
15001
16977
19186
11896
13175
10828
14730
19163
10778
14670
13022
14701
12658
11386
15474
18904
16378
14366
16317
12551
18336
15225
12808
10006
10665
16959
12860
17536
13336
10734
19085
11330
15988
12207
17269
15989
10209
16197
18007
18747
10185
11392
17600
14822
19647
16131
14789
15083
15737
15419
16409
13400
17958
11654
18405
17670
10788
15379
15551
11591
15967
11217
16894
11585
14638
18351
11873
15930
19588
12738
13445
16843
16871
15987
15748
10422
17075
13043
11373
13343
18949
11953
10241
17254
14462
10919
12332
10575
13735
15677
18681
16805
17667
14232
11006
10085
12563
15031
14053
18256
12226
16764
19089
15295
12293
15315
14482
18675
16704
14209
17572
16759
13200
17830
17412
14773
16779
11676
14907
12737
12442
13456
13761
19824
10066
12592
16520
14168
18384
16098
18174
16187
19899
10282
19774
11786
16383
11022
16122
19700
11421
16720
14880
17767
10117
11846
15253
12124
10738
10577
12368
12911
17008
10540
16256
15794
19381
17464
11764
19008
10707
11902
16374
18144
12064
13387
15430
19199
14477
14201
16462
10522
12374
12927
13704
14651
11148
16910
12461
13937
10952
19135
19897
12136
13126
12241
10825
13348
11799
12519
15852
13028
17293
12372
10481
12773
14598
15078
12185
14087
12761
18317
10396
12072
11532
14795
16600
11468
16321
14755
13056
17244
11281
18244
18773
16487
19933
15788
18145
16206
17102
19356
16924
14689
18638
17913
12174
19642
10509
12320
10625
12745
10859
15390
12794
14305
14026
17363
11876
17245
16634
12645
18544
14727
16318
18019
19812
14109
13865
14766
16801
17878
17846
18446
13394
13680
19179
15864
18507
10866
17860
13123
16365
17781
17587
19579
17217
15752
17224
10230
17849
12504
15837
12717
12544
10506
12167
14679
13334
14042
16055
15077
15349
15204
13434
11003
13968
12173
10244
12447
15046
17340
16912
18333
17501
12405
19946
19564
11542
19948
15776
16057
11123
16302
10234
16419
17966
14860
16997
19983
11602
14226
13487
19595
18540
17432
13379
17322
16373
19023
18941
10106
17697
15842
12350
13741
17689
15184
13277
14780
17987
13256
19245
17984
12205
11534
19244
16842
19863
19609
10174
16940
17993
14062
11925
19712
19734
15188
15499
16360
14220
13912
17068
11179
13388
16826
17421
11463
10568
11840
10053
11120
16133
12471
13507
17003
18955
11552
10837
12431
15042
11210
14191
11523
19111
16117
13799
10107
12416
18560
13148
17529
12294
10615
10803
10379
18550
17881
10608
12974
11911
17050
12814
15280
16399
13303
14936
18271
16864
14740
19586
10507
18919
13847
19541
18548
16714
10072
11000
15465
11390
19884
16636
14277
10321
11844
12960
10958
16616
13409
13810
10703
19525
17449
15874
19129
16916
12804
14938
11208
15633
11415
16452
17892
11287
13513
19758
16888
10761
17759
10180
16734
12754
16673
12879
14973
12165
11121
11677
14479
11762
11408
17344
18129
12338
19759
11050
19639
10544
15381
17319
10658
19492
19264
13449
11993
15297
16570
18404
11250
16861
19496
12040
18940
13603
17537
11788
13064
13661
17081
12512
14096
17870
16219
17903
10393
11501
12482
16474
15069
16079
17000
15206
14179
13157
10925
19228
17770
19335
18366
10012
13184
18139
12223
19336
15569
16824
12184
14150
17282
14981
10173
18974
19216
13272
12572
18811
17798
14708
17378
10394
18439
19438
18353
18033
15201
14680
16299
15277
11337
17223
11914
16577
13836
15898
11231
19953
17649
12865
10907
10276
11867
16742
11796
19317
11455
18740
13957
19249
17715
18853
12674
11603
18607
14843
12389
12418
16751
16010
17169
16652
17105
13679
14581
11058
17976
17004
11962
10178
13565
15347
10455
16027
17508
15306
18705
12210
13502
14116
17321
12466
11485
11714
15831
10362
13275
12070
11929
19215
10402
13588
17974
12817
13946
12218
16555
16659
10669
18419
13142
13311
13734
13082
14826
11660
13437
16144
16629
11862
13969
12127
16496
13898
19175
19168
18200
16698
14889
11628
12867
13386
13161
15865
14426
10473
15716
16282
16274
17890
11356
13025
17771
11891
10196
19106
16678
17603
16138
14883
10223
10456
16899
19949
17276
13074
10367
10849
11699
14206
19189
14660
14297
16502
18825
17268
18630
15571
10355
14186
16457
12610
10488
16194
16330
19074
18155
15358
16228
19108
10546
11728
15656
10408
14327
19269
14162
13498
18874
10826
12940
13888
13711
12285
10124
17428
18881
13509
14034
18969
12741
13628
10633
17897
10607
19203
17297
16923
18453
16965
12309
13743
19181
16982
10502
14323
14334
19922
11181
17454
19288
16420
11504
11391
10864
11266
18635
19557
10308
14914
10364
14047
10812
15614
14097
13531
19950
13439
19413
17845
19531
17456
19033
15457
16988
11353
14892
11622
13180
16585
18217
11143
13384
17383
19868
18933
13061
11218
16947
17869
16319
13466
12518
18318
14964
12360
18445
15068
17392
18268
14728
18830
16813
12335
16002
10497
15838
18501
11981
14022
15142
11915
16250
10245
19350
19077
18559
18289
16289
10406
10611
18489
18552
18195
12328
10706
16309
12846
19842
18198
18527
16048
10401
10880
15409
14607
10961
10995
11612
19227
18948
12113
11244
10310
12159
10687
10852
14949
15632
13007
14254
15131
14954
17182
13046
13987
15289
13174
11431
13129
17111
11837
11409
13006
16084
11604
11308
13690
12289
10910
11730
13524
14671
16400
14696
12329
11974
12319
11817
12595
17439
14373
16104
11333
12731
16581
15123
18025
14345
13521
12134
10377
15844
14729
11746
14102
19894
14103
12515
11875
11646
16083
18849
17252
16348
14678
12390
12735
11870
16584
18862
16108
18515
10648
18347
15128
13893
13299
17285
14038
13220
17590
16855
18912
17923
19036
14893
13713
17372
12705
14406
17351
17396
12979
13468
15768
16538
15154
13539
12770
10582
19695
14311
15851
16931
10304
12385
19153
12446
18979
13062
10351
11015
14101
15256
12774
13010
19577
11422
14910
11668
16980
17379
10105
11936
17426
13011
18493
13270
10583
15456
14544
12978
18749
15841
10266
17795
19055
18947
16709
16260
12288
18096
11740
11299
15218
16522
18990
13362
19079
13350
11707
16620
11783
11305
17686
13472
19498
13264
16638
11548
15567
14553
19520
16034
18722
10192
14401
15023
17555
12602
17843
14816
16185
14324
17474
17653
16744
11238
17037
11067
19977
11615
13874
10912
11375
14715
12282
18842
12496
17848
16739
11173
12252
11484
12541
15084
13788
15782
10067
16395
17258
11625
11525
13667
13328
13996
16257
14721
13518
14281
14437
13112
19521
18539
17450
12151
16501
16178
13392
19832
18226
10214
17626
10987
16882
19641
19566
17080
17241
13417
13840
17780
15162
12300
18804
15828
14624
17709
11162
10099
11164
15583
18160
18976
14213
18654
19409
14811
15460
17841
10918
12826
18525
15516
18185
12856
17638
12987
15673
19285
14313
15443
12380
15312
11772
10041
12052
14143
16142
17938
18689
10270
12355
18794
10601
13770
13543
13953
16510
16132
15468
15098
19828
13777
14657
15092
16355
10030
10109
13538
14236
12801
14059
10285
13950
17674
18124
17310
19518
17608
12957
15501
14550
12638
14934
11813
16423
18856
15388
13976
10711
13905
16437
19097
12587
18640
18900
16701
19592
18100
17091
11034
15269
15836
12255
17280
12022
15544
18724
10491
12386
18459
13179
11689
15871
14499
14358
16174
16710
15140
18483
18520
14956
15934
19784
10171
13282
10376
10340
13592
16431
14353
10890
10808
13750
19560
10203
16305
15437
18021
16715
12387
16690
18951
19606
16591
12497
10395
19955
10495
13880
15446
18328
19698
19583
14320
17896
19420
16371
18808
10062
15563
10693
13164
18270
10260
18272
15992
15170
18826
16669
10325
16893
16153
17521
11954
15433
15005
15311
19198
14548
18159
14990
12425
15743
11192
19323
14583
14285
17650
11667
15747
12045
12670
15012
17181
11647
14923
13597
16945
10769
18543
19800
13972
12383
16640
18588
10280
11529
10232
13141
12267
17172
13844
17787
10119
14012
19756
14699
13366
10207
19114
17619
15217
10920
15518
13106
17024
10885
14488
13084
10873
12870
13213
14142
16847
19002
19226
18738
13075
19942
15765
15652
18783
10037
14552
15717
14055
12800
10827
12612
11095
10445
15806
15832
19258
12272
17788
13831
12718
14909
10560
18498
14337
17264
10315
17051
18812
14599
19309
14675
15771
18308
15056
10548
14037
18148
11520
15180
16421
19686
12742
11758
17198
16441
17290
17230
10469
12910
15402
16478
16329
10996
14234
17022
13204
12263
15488
15798
19332
15407
17422
10195
14786
10660
13962
16512
17353
10939
17973
19213
17517
11545
16778
18090
15296
10081
15205
13548
11737
14854
19875
15918
12908
19786
10391
17726
12108
16582
12426
18537
19740
12060
14497
13356
10747
13612
16102
18784
14782
16200
10934
11201
17092
12517
17960
11078
17311
16713
11971
14171
15448
18988
17818
12823
16732
16285
15348
18564
17589
14731
16973
16921
17240
17212
13889
16106
18076
13837
16602
10979
10090
17175
19140
12797
17727
18324
13019
15833
16070
10558
13899
17975
16161
14325
15665
11042
18567
14033
15019
18840
11200
12340
15757
19672
13239
12215
19968
12831
12191
11428
12589
17729
16643
10263
15373
19597
14199
18541
12491
11580
15582
14752
10597
16020
15401
14982
18697
16612
11360
19819
17376
12422
14240
17562
11761
15021
13317
15883
17873
14389
19644
12449
12392
18792
15982
13097
16624
10757
16202
12112
17059
19330
12404
14873
19260
16994
19761
11118
11111
18599
10760
10659
18518
14410
13495
14091
13675
16542
14798
19397
19958
16877
18133
12511
17216
10590
19425
14738
16905
15095
11766
11393
18345
15584
10690
17979
18796
11052
16440
14574
15267
14471
19000
18508
11797
16527
10643
13633
15089
10350
10637
19160
12194
15510
11348
11069
11405
19978
18239
17116
12427
16903
12931
17128
13076
10049
12204
16340
19831
15830
15895
19382
10454
12502
14356
19126
12103
10982
19107
13516
12408
12104
18975
10458
13684
16697
15809
15450
13233
11476
10177
17160
13515
19567
11850
19151
10891
18647
15843
12758
18399
18103
13911
16448
13627
14294
10328
19909
10501
14135
14299
10727
14618
16253
17539
10397
18727
11694
17755
16107
18532
16749
10782
10292
16192
15049
13397
13312
16472
15708
18474
12522
14425
13699
10007
13759
13209
13415
18029
17139
16022
12203
10089
16895
18505
13385
16345
10467
11903
17567
13945
17281
18922
14106
14119
19278
12395
19991
17315
11449
14400
15243
15947
16160
11913
18530
12440
17255
17166
11105
16856
14111
12733
18839
19325
13235
13403
17433
19594
17132
14403
19379
12790
15508
12600
14819
12822
11828
19587
17585
17760
15722
13547
10199
15190
10480
14643
15523
13145
15879
18390
17544
18292
12150
12464
13104
13845
10110
19426
10029
14086
11085
18306
11998
18850
10032
17663
10764
12410
15278
19098
19233
16559
14284
14228
10856
10279
10247
17677
17623
14330
19171
12789
12129
14329
10123
12354
19201
12995
18802
15598
13673
16736
16592
11869
18479
11940
15514
11441
10622
10014
11073
17953
10078
17203
15067
14175
12225
14669
13380
17647
19533
15502
17328
14536
18700
12699
10902
11048
10212
19928
16578
16505
10574
15233
15945
12020
11804
12901
17361
15565
15486
12080
17549
11486
10301
18728
18786
13321
15580
19138
16548
17497
14326
14333
13833
17463
19902
14770
19439
16657
12692
13807
12283
17692
18924
13846
16071
14187
13604
12181
10854
14628
13914
15524
16857
13450
14737
12723
19850
15080
12088
14937
16140
10619
11809
13438
15187
19920
11635
18026
13429
18986
16368
11497
18867
10735
17436
18789
10867
16738
11195
13357
11916
10654
18629
11723
12269
18846
19611
14208
19334
18736
10141
18893
16536
13791
12141
16212
12945
14805
16447
16391
17952
15500
11822
19310
14367
17304
17339
10004
14764
12845
11088
10750
16310
16771
14555
12785
11158
13853
13414
11134
14347
10317
11010
11436
13324
16996
18116
15352
12711
14621
17754
12432
12356
12777
11167
15730
10605
14057
12588
19821
14661
19802
11949
17173
17805
17108
17533
13443
19931
19444
15777
14363
10600
18875
10344
14800
15300
15480
17020
16387
11791
17188
13795
18070
10624
18331
12877
16605
13923
19468
14464
17636
14262
10088
17838
16407
13306
13424
18086
18285
14543
14767
11776
13413
16456
17199
16263
10545
19905
19454
17673
14159
13737
13710
17985
14388
13101
14612
18637
13481
11994
12722
15015
18047
19412
16001
10083
10140
12868
15329
14045
13102
10257
10565
18098
16692
14092
12015
18211
15797
11212
17416
13993
14744
12287
11142
16767
12366
11947
19993
10726
13927
14016
11005
11856
10930
18914
13615
15030
12863
19972
11437
15732
18669
11614
15975
15364
11453
18422
17611
15309
16101
12406
17556
16812
19685
15076
11245
15701
13210
15262
19817
16691
17946
19152
17561
16763
19793
19007
17648
11341
11878
15449
10960
17765
13933
18053
17592
13309
19741
14646
18224
14318
15314
17617
15792
18297
18165
19042
14943
13163
13319
14912
11097
13116
12382
11317
11617
12936
18624
14306
11407
16097
10668
17629
17672
14538
16364
12710
14586
12635
17570
15909
15263
11447
19512
16113
13830
16067
17992
11540
13219
19035
18809
13480
12092
18983
10752
10595
17972
16041
17155
11309
19390
10675
14850
15118
17745
17415
16286
19187
12749
13364
16315
16766
17029
12918
17762
11678
12570
18113
10271
13683
15018
17149
19979
18303
18391
14626
12952
12170
14268
14073
17816
19743
15293
15072
13368
14695
17915
12126
12258
14885
17389
11116
19908
17143
16410
10677
12011
18127
11900
17194
16981
14648
17404
16568
13110
12430
13258
17345
16077
11387
12483
10448
19901
17367
19813
14230
10666
10084
16932
11307
13033
18337
17899
11451
16060
15694
13216
12313
12236
11456
12550
19221
12837
17908
10091
16100
19687
17100
19078
14545
15531
17802
12768
17884
19725
13709
14309
11620
15684
18356
15588
14700
13318
13435
11610
19830
11754
15302
10901
18430
13591
15882
15307
10009
13587
18371
14858
10337
19045
18378
18009
15923
18806
16038
10862
15215
11933
11087
16353
17248
17231
10572
12169
17335
10311
11763
13032
19368
19209
13345
12443
13834
16756
12326
14534
11588
17471
19780
15248
10966
12384
18236
19004
19144
14807
19104
13100
10147
12429
18304
13688
14118
11579
10191
19460
11051
15462
12716
18056
10537
10602
16631
16445
12257
15213
10418
14176
15915
17301
13087
18015
11075
13004
10486
12687
10688
17735
14151
17314
17341
19745
10023
19804
15660
19527
14584
13288
10578
14028
11219
10821
15762
15166
16800
15176
19048
11271
14265
18551
17796
17459
11183
17148
10383
18425
10153
15728
10251
10144
19009
18511
14238
19519
12545
16907
11243
10151
11416
10262
16509
12041
12142
10293
12949
11366
15139
16023
12653
14341
19849
16740
11423
15741
12163
18977
17739
19010
19210
13816
18625
18561
19319
16287
15761
18605
19192
17015
19376
13738
15169
18460
14487
18355
14430
19446
15948
14484
17332
17724
16151
18201
19068
12561
19146
10258
13078
18212
17407
10132
18436
12539
18392
16564
14223
13797
13514
17894
14134
11672
13292
17669
10380
12299
17038
15397
10237
15537
14280
15024
14009
15589
15447
12138
15723
19848
16561
11282
16349
14270
16663
17490
14494
11178
10586
16601
19391
15412
14929
12198
16389
18442
19459
13098
14817
14200
10789
15342
10857
16700
14870
18309
15845
16665
18828
13199
13045
16090
17836
10766
10417
13154
12456
11267
19180
14845
10650
18475
14556
18082
10989
14500
16215
16363
12196
19573
14407
10962
18764
12697
18067
18902
10330
12317
19452
16844
12609
19441
13359
19047
18877
10338
13347
16890
10702
13892
14384
17200
15016
11964
12273
16576
10947
14391
11976
13398
12498
18141
17408
13489
19351
10511
15442
12043
11773
12145
18759
16504
17360
13461
18205
14376
16476
10839
18058
15600
13835
18235
12018
13217
16497
16170
17937
15744
17060
13271
19795
11355
11539
17883
12182
17597
16625
14862
19083
13029
13238
15706
12059
17858
16017
14255
19974
17850
12450
12296
17575
16906
11639
17559
11077
12678
15675
19392
17783
17825
19303
17237
16572
10385
18663
16252
14904
17045
14750
15173
11206
13042
14890
11767
19449
11778
11945
11376
13576
17126
13868
17499
11172
19973
19408
15219
18001
10307
19648
17691
12521
13645
18785
11147
11686
11544
11139
15576
16207
14279
11680
16682
17093
12004
19532
10493
17540
12348
11808
19435
19502
19692
12769
13978
15606
17025
18158
15265
15538
12049
14269
14881
17481
14833
11927
10322
13607
14010
12480
17090
14655
16927
19194
15594
19029
14760
13249
16549
15255
14160
12240
15429
10858
13671
11470
11658
17945
18680
10483
18908
16535
14663
18280
13289
15872
17028
13534
16152
16417
15863
19880
10487
14312
14560
15063
13242
15869
18452
10532
10027
15946
13475
17058
15444
15174
13441
18770
19918
10424
16610
16989
14579
19544
11291
18420
11899
11357
19464
14382
15061
10450
14620
18295
19965
13984
15425
19614
12378
19364
15116
11076
18210
18934
19481
10281
19112
18761
14120
12943
16546
16127
16385
12998
15821
15785
11669
10777
16227
14529
16346
16439
18257
16833
14442
12290
14604
14260
14412
11045
17438
15608
17113
19834
17283
17133
15192
13325
19149
18887
14474
18650
13824
17986
15820
17930
12093
14625
18060
19632
14078
12683
15085
13252
11607
18286
14512
19929
14759
14214
16167
19095
10620
10911
11798
14608
11537
12074
15496
12816
19988
19315
12993
14043
12938
15133
11829
19094
15802
17833
10921
11877
10564
17384
16425
15553
17073
15230
10213
19859
11709
18188
19837
12474
10183
15374
11950
12947
14136
19776
19355
12864
15968
19190
17136
13556
16024
15434
16872
15282
13621
10439
14878
12897
16928
12468
17478
17964
16435
13089
11370
16664
18932
10984
12990
13695
17266
15704
17586
11832
11084
13873
11637
14470
19847
17086
19237
14772
10631
17147
12537
19562
11248
19060
14415
10587
10498
15240
16429
13304
14515
13442
15960
15020
15121
19172
12869
13559
19499
12301
18713
19229
13469
11398
16834
19167
17811
13416
14875
19463
16594
14266
11402
11129
14303
18228
11818
10373
12520
16808
17676
11170
11706
12986
13279
19939
10048
12843
13622
14431
16815
12448
11389
18354
16063
18288
16265
18398
15354
14093
17728
19234
14435
14877
14457
14876
13383
15620
19966
13031
13614
12202
10146
18746
13947
11459
14775
11966
18813
11380
13013
13792
12712
18218
16608
17350
15726
11759
15995
10297
19960
14975
19912
12457
13266
14595
16484
15478
18275
16617
15774
19607
15211
11611
15144
15332
10581
11946
16859
11215
16752
17444
18104
19990
14133
17904
15271
15545
12657
16670
15335
16486
18953
17227
16868
14156
14044
10211
19118
16143
14742
15203
19896
19248
19434
13664
14580
17520
16166
13265
14360
11086
17588
12679
17071
13818
10020
19133
13783
13122
11698
16695
18465
10479
17879
13600
13113
13503
11736
13285
14853
10521
15813
15952
10243
15195
19292
15485
10353
15137
18858
17895
15002
16586
11203
11623
11101
18536
17380
13510
10440
19731
12409
19467
13485
14021
18017
12345
15087
15384
13492
12377
19475
15114
12254
17140
11726
10287
13954
10883
11557
19193
13473
16642
19070
18892
14221
17584
11531
14692
10549
18075
11259
15481
14192
10045
13253
13488
10876
15534
10226
14682
19218
15519
14640
19696
19706
12458
17492
19458
11703
13151
13748
12977
15423
13470
14546
12361
16964
11140
14653
14050
19797
11336
11104
18966
18181
10218
13197
16963
19563
17480
11756
16396
13915
10274
13451
17852
15575
18967
18755
16016
18777
14978
18894
16095
10723
12630
12661
15530
15138
16369
11154
19670
16328
17978
17922
15417
16244
15405
13015
14535
14272
15566
12295
16968
14926
15585
12562
11041
12056
12634
13772
16468
13665
11561
16045
19115
13563
19393
10389
15470
16019
14427
18596
16904
16218
15257
11466
17543
14340
15369
14074
19852
17594
19130
17467
17624
11177
14719
17469
10791
19034
14248
12861
12972
19705
16883
12624
18259
14540
15727
17641
16983
17970
16264
11834
11512
12002
17989
17610
17815
12853
19357
17851
14417
12381
14404
14481
17634
15382
15053
14233
17302
12557
12500
15377
15672
11240
11990
19683
12604
11712
15158
19927
18905
11304
12994
15044
19290
19402
17813
12242
11418
18509
17070
17863
11338
11742
10673
10657
12424
14080
12656
12671
11508
16799
19963
13726
12067
17177
11750
18375
12538
19025
15319
14107
14398
15715
17656
18981
10220
14239
10886
19277
16224
16141
13408
14761
13069
18193
12453
11057
12095
19628
15749
16881
16483
15438
13883
11224
12261
17901
15985
17716
17205
13099
11223
13646
13300
19590
14823
18092
17680
14041
16150
15202
19604
13838
12233
19649
10390
16644
18443
18989
15039
17085
14539
11575
17701
19943
19545
15807
11326
18429
15520
11775
14864
17323
18595
14694
16488
18504
15824
19995
14645
10954
14438
11769
16543
11618
14793
14475
19581
14824
12584
13298
13919
11710
14314
11816
18516
18788
14821
18444
14635
14125
11586
11169
15674
17909
16237
19432
16838
11801
12882
11322
13890
18716
13294
15581
13706
13707
11507
16164
19333
17918
13263
11564
13652
10768
11434
19845
12505
19293
12728
10273
12568
19637
17123
17769
14644
11674
10553
10161
12963
19872
12643
11624
13790
17215
18080
15106
13140
18538
12951
16603
15274
18152
13422
11349
15403
10903
12396
13134
11527
14814
10477
18282
12796
10529
10609
16382
14387
16896
19503
15653
16004
12985
19666
14076
11514
15791
14046
18944
14922
19870
15570
12615
18223
13120
17538
15997
13262
13545
14031
15625
10801
18769
17349
10957
18119
19169
15051
11359
11871
12465
17142
19282
13229
18619
19699
15670
10671
19853
13540
19113
10339
16339
19967
12307
18101
15961
18471
18579
17810
19938
17731
11279
13560
15135
18847
11556
18062
14654
16173
15182
14385
17832
12489
10644
10667
15759
13728
14917
16789
18578
13457
18582
15688
19223
16814
19431
19462
19457
16891
15010
17902
14379
13223
14227
16208
19742
14720
10592
18068
10981
13302
16680
13054
14084
16366
18300
12596
12109
11565
18834
11928
11156
10973
14007
12781
19816
13638
11687
13567
15242
15733
14717
16446
14522
14563
12523
18628
12626
19704
19659
18237
16455
16653
18468
14503
19361
11517
10028
13608
18763
16978
11535
16651
17659
15254
18968
16000
19253
18822
17784
16735
10148
14804
19372
16180
12248
15736
14490
18943
10676
14948
13625
18911
17817
16754
18486
12507
19313
16273
18099
11033
18921
16493
14189
11270
17134
17370
17862
13037
18166
18706
10613
11583
13268
12862
11984
19771
15321
19346
19399
10019
13446
10465
13942
17275
11609
17034
15200
10482
11879
17577
13181
15494
11284
15161
14664
13500
13636
17052
12583
17907
10908
14008
19655
19866
10156
17397
17083
18589
14617
15341
14024
17483
18115
17479
18945
16647
18927
16785
15363
16671
14369
10708
11157
12347
11457
11665
15892
17156
13178
19893
17711
18896
18906
10327
10324
17330
15980
19110
10158
16677
11489
11323
14688
14374
19358
12969
15366
13150
13887
19747
12139
16804
13454
11205
11577
11253
19603
16554
18959
19616
18497
13073
15825
18859
15075
16807
10013
11288
19744
10759
11576
16412
10787
16810
16816
11888
16081
11283
18480
16956
10331
15719
18739
11650
15017
12224
15226
19059
10470
15052
11374
13218
10598
17927
11958
13196
17652
15339
19762
16757
19482
15682
11194
13034
11017
19021
12492
12280
19625
11146
13644
12275
11018
17793
10977
19318
17924
19796
10929
12575
14112
16205
10392
13135
18636
15764
14673
13172
10381
14264
14060
13863
15772
11471
10320
11452
18134
14153
10767
19451
19618
15506
15475
10871
17235
11986
11942
14129
10784
16818
12444
17348
10815
14627
16052
17152
13897
10432
12172
19941
18719
12005
10354
12599
17631
13401
17547
15742
17732
18038
14989
11968
12890
17707
10986
12413
14996
15676
12469
17546
10224
15515
10539
13619
16950
15372
17640
15790
18818
11522
15150
17229
11414
14342
19913
19910
16163
13499
11831
15421
17176
19689
12809
13012
15175
15805
10567
15577
15273
16666
16279
19031
19373
17880
15983
14204
17129
17842
17576
15003
19263
13564
10352
17766
17063
18766
11590
19125
14174
19750
15361
17468
17936
17699
14572
13878
18526
13705
19119
10796
14492
11995
18279
16897
13977
14095
17263
16262
11530
18085
16388
10387
13455
12646
12690
19161
11426
15848
14466
15646
14408
10116
15804
14820
13085
18089
17430
18408
15491
17808
18547
12590
19067
15935
19143
10286
14241
15424
16780
13221
11634
10756
14126
19061
14947
18381
19207
11347
18414
11220
13990
13546
15034
14976
10819
19150
18954
16920
16760
18110
16007
14302
12920
16913
13720
11886
13955
16954
15406
15059
19388
15007
14997
16246
16114
14779
14838
12364
13722
18207
19998
18247
13668
14788
14562
10968
12331
14100
11145
19508
19231
16268
16500
19733
11278
15303
17704
15183
17357
19773
19668
10765
15387
13000
16599
16342
19375
16747
10696
11651
19437
15651
11163
17388
13402
17665
14946
10985
15981
17525
11055
14429
13168
12798
19769
16111
10236
18855
11956
17671
12034
13008
15521
12029
19494
11063
10415
11292
12895
18698
18438
12213
14440
17962
13190
14684
19735
16851
17801
10046
12234
12376
13643
16722
14282
10435
11571
18985
17926
19994
18184
14799
15860
16787
10528
12078
18199
17861
10176
12698
18260
19022
15596
17997
14702
15938
19907
12190
12811
17684
19206
14472
12495
19605
17484
17317
17042
11027
12212
10679
16460
10459
19633
15783
16093
15928
16993
16909
12848
16745
11290
18105
17221
12833
15754
17941
19882
15120
14683
11478
17356
18291
16865
19170
18154
12535
15251
16434
12306
11593
18512
15700
10242
17300
15972
12222
17599
14547
15616
14835
19165
15526
11757
18411
19980
14210
19296
17853
12501
15268
11490
18657
14698
13967
15861
10719
15272
15334
15899
11519
13961
15965
12962
16943
10114
14132
10024
13769
12566
17786
15618
14980
19702
10419
11584
10137
14158
10639
19930
18335
19015
18407
11574
18741
13191
11806
15978
17274
13361
17246
16424
15707
11833
15740
10073
10860
15505
14108
15664
18043
10342
16307
19099
11410
18798
14067
10416
14519
17854
17905
11133
18714
14898
18004
11827
17741
15122
15550
19809
17552
18234
18225
16065
13561
14897
14205
12160
15720
13580
10366
18729
17742
15637
13659
14193
13512
16066
13132
17719
17824
17247
12923
14079
16086
13549
12412
12958
15288
15746
12876
19322
11943
13992
17505
15817
13931
12024
18671
17306
17519
19707
14915
17284
19585
13092
18971
18435
18888
19461
19505
12304
16676
19540
10942
12894
19839
12487
18456
17222
19177
12343
16926
11350
19669
19380
15126
19753
16846
11960
17753
16703
14141
10219
12835
14018
10692
10927
15153
12476
16094
15657
15924
18938
12941
14931
10635
10992
12162
14557
12776
17409
16186
17465
18598
17893
15750
18250
12694
18294
13014
12407
10874
19320
16156
14520
12010
11630
18597
10252
14656
14614
15464
18682
18373
11462
13035
17885
16870
14432
13781
18126
16169
13698
14710
12721
14355
17158
17752
12703
14511
17872
10649
10504
14027
12803
14331
14346
17418
18064
15266
16748
13980
16333
12631
18161
14025
14051
15167
11345
14395
13427
15959
11952
15629
15035
13390
17435
15823
10810
15597
19131
19764
12220
12081
15029
17526
14365
18581
10516
14797
15745
11926
17472
12102
16149
12825
18584
16130
12934
10682
12000
17318
16179
12766
16791
19708
16211
16171
17615
19815
12454
19652
15944
10166
13856
14504
17633
10425
17211
19271
16482
13369
10460
12598
18753
17180
16198
18529
13259
14419
14393
15547
10087
14916
18329
14942
11074
12133
14913
19709
11802
15622
16621
11036
14589
10969
13244
17837
11963
13951
19162
11473
15336
18711
14486
14322
19448
12200
12477
18087
17929
18433
18084
10246
10875
16128
12929
14813
11820
11239
15463
16465
11980
14834
19456
14383
13059
19164
17871
15756
17309
11378
10833
11064
18718
11939
18688
13041
10160
16056
18490
13860
13182
16979
10064
14170
15781
15362
16797
18241
18987
19915
15079
13551
11578
16645
13036
12663
14423
16951
18267
19088
19932
16014
13261
11016
10656
14861
15013
10523
15699
18401
17277
13828
12369
17429
18187
11845
19703
14122
14691
17591
12077
12097
17857
15564
16558
19051
18376
19856
14987
11260
12681
19749
10923
13970
14290
10653
19148
14418
15197
15285
15070
17168
15800
12852
10792
15244
13330
18870
17528
18253
10762
17751
11724
11262
12956
12128
11546
15292
18203
14984
10399
10164
10580
17690
14558
12651
10922
14372
19506
14399
16917
14856
19836
18576
17737
18715
13626
11008
18346
13598
10097
19658
18394
11965
16031
15145
17462
11383
11071
18993
18461
12763
12608
16411
11770
11315
15822
11014
16461
12932
16136
12211
18577
14017
14496
12047
13021
15954
15626
13044
13989
17087
18492
14450
11619
13689
17734
12726
17573
18609
18819
12146
13762
16426
12740
18950
10832
10563
12603
19204
19075
12016
10672
11717
14887
13467
13805
18162
18410
16459
18611
14397
18388
12490
12208
15060
13821
14099
10944
14632
13310
12063
19785
15735
18946
17253
12585
13327
10642
19598
15668
10405
10715
14841
16249
13692
18614
17107
17564
17681
11438
12310
10181
10228
10980
16298
18213
15591
15239
14140
14666
11060
10694
15194
16573
10963
16724
18088
15136
10800
10503
15610
19063
12746
14998
16335
11273
15561
18837
14161
10332
11880
13493
16121
13584
11424
10188
10550
14993
16523
15036
10238
17695
10369
16428
10748
12560
17750
11509
18313
11399
16240
13766
13532
17655
10017
11396
16480
11731
14178
16376
18481
16139
13346
15411
16278
12892
16331
16341
14567
13055
16272
17510
19855
15177
18725
15250
18190
16556
11572
19103
15125
10170
14743
18918
19284
18010
13963
14706
12314
14575
12655
15808
17513
19384
14145
10593
10851
17488
18051
17011
10950
15543
18891
18931
10799
17062
18362
19961
17887
11784
13884
14315
18252
14113
19654
15281
15734
14872
10728
10216
14588
18926
19017
16332
19715
11068
19806
19752
12904
10429
18482
14317
14882
17338
12245
17949
13464
14359
13530
12323
17013
17157
17417
15439
10277
11553
10584
18216
19768
18028
17717
10636
13843
12012
10102
15527
11702
19923
11028
11328
12973
18054
11922
14970
12276
13462
13143
17327
13284
14510
12230
17509
13189
17900
19419
17292
15432
18645
13916
13740
17473
16768
10589
17358
14089
17112
10627
17055
11319
14195
11559
14304
18473
15784
19886
13655
12677
19635
11227
11277
12875
11185
18312
13803
16165
11488
16058
19790
12402
11460
11524
16193
16694
14847
13907
17381
11499
19975
19312
18965
14802
11023
15803
18450
13786
11310
14493
18368
19794
16210
17708
14516
14596
10953
18709
16721
12351
11439
19338
19132
13360
16115
18074
14207
12791
18656
13225
11361
11082
12898
15413
13895
14169
19889
10710
11550
18801
19823
18221
17506
14611
17294
10318
12118
19883
17220
13301
12199
19430
18364
10190
19811
18760
12096
10382
19904
12966
19693
10410
17326
17296
10100
18249
17512
14593
19798
15189
19184
18427
15963
11894
10411
17325
16633
14357
15638
15368
19109
16862
11300
14402
17121
10059
11420
11743
11275
15426
12334
17844
18935
10618
18149
10853
11261
15615
14896
15395
17706
11857
10471
15605
17026
10517
17095
15778
18824
16711
10743
16854
18996
18437
17935
16607
13187
13896
10972
13114
12633
13573
12689
19726
12542
17990
15033
10167
11394
13027
15148
13562
19044
12582
12625
13842
11744
18044
10674
16637
12708
16613
16557
18634
18831
19826
11887
11961
16508
14839
12933
15179
17410
11372
15878
14756
16966
10050
11007
16080
10305
16762
14422
14354
13418
11779
17642
14203
18832
18153
13825
18146
12014
11652
10811
16026
10111
18566
18380
10733
19159
16606
16656
11314
18365
11381
11566
12874
10468
13859
11905
15431
14146
12991
16919
17991
11246
11089
10771
14810
16632
19087
12896
18363
10588
17387
19254
12098
18138
13640
17744
13339
11908
13819
15904
12580
17578
13780
17965
15380
10559
14416
18712
18704
19767
11901
13694
16184
14378
14769
15939
16775
10754
13649
19046
13119
14094
13789
16575
10121
17054
19919
16609
10205
15440
15163
18191
12666
14332
19066
19591
14866
11987
17980
18838
10039
12232
10312
19537
13732
16009
14791
13404
11853
11226
14765
19599
10971
16232
13332
12850
15356
14396
10835
15146
14338
16823
17316
16839
11498
13440
12253
17654
13483
17137
12027
13307
13193
17565
13375
13574
18829
11001
17712
18169
13581
18125
19558
16430
18790
18042
16874
12787
15816
19623
13436
11533
19300
14291
12559
10585
11781
14181
11294
11395
19835
11334
12195
16418
15261
19663
15811
17208
10651
10240
16961
13060
19239
13731
16821
13351
15766
15662
12398
17856
19572
10130
14722
10175
18418
12259
14541
16986
14498
17776
18956
13105
17016
12743
13188
15729
17097
11732
12988
12727
10428
17627
18040
16674
14886
18852
16727
17790
18441
12168
12755
12038
17206
10779
11286
15649
13666
18772
10941
18865
15497
12148
15088
18030
13669
12805
17910
14420
16158
10739
16941
14188
18506
14006
11970
16563
14011
18027
15957
15687
13804
10278
15398
19841
11255
18803
15172
16091
19660
15504
15587
19964
17666
16359
10834
16853
18409
13725
19593
18118
16879
16684
10071
12531
18496
13177
17487
15933
19921
13929
11648
15619
11814
14633
13637
12175
12886
19732
16053
10149
10751
10443
13452
10494
17354
18572
11733
19331
16822
15902
12324
14344
13719
10065
19147
10713
15227
16316
11983
19917
16662
14925
11898
11935
15168
14428
11526
13228
16614
16473
17625
14371
18778
13207
14405
18122
18209
19483
13281
14319
17110
15907
18652
13205
11440
16876
16230
15338
16125
12916
17074
16819
12256
12883
15555
17687
16012
11810
14480
16788
18797
13363
13855
17236
18339
11230
10426
13506
14032
18071
13596
17174
18109
12695
17668
10612
18707
16539
13882
14801
19840
11996
10535
12481
18246
17661
10370
13139
16074
14298
10949
14874
18873
16892
12620
18836
17333
14288
10841
14561
10229
17581
18069
19645
14977
19082
15043
10204
19854
16155
14652
11774
16337
12806
14901
14005
19602
19500
10741
10208
12209
10051
19086
10210
13624
17027
13479
11108
13250
10138
15641
12900
16863
15383
10291
18151
15769
12528
14390
17334
13478
16069
18298
19428
12325
13610
14217
17791
10554
18387
19050
15572
15344
10945
19664
10892
12399
18897
18358
16628
14991
16334
12115
15827
10335
18046
12950
11729
11346
13504
14895
12767
10533
18426
16032
19081
18562
13854
14549
16518
10865
16220
18061
18206
11989
11171
10179
13108
14712
14459
10080
12111
13338
12094
13901
14703
10255
13703
16116
13155
19757
13505
10299
14030
19763
17278
15891
17355
19559
15286
14507
17696
11368
17763
18748
16314
10026
10814
18229
18370
17889
16658
12370
17337
14776
19018
11760
14394
12346
18320
17233
14105
12922
17072
14704
19807
13876
15936
16696
11573
16234
12629
10095
15275
17207
11487
10879
10842
16251
10489
16708
16172
14564
16323
10162
14252
17320
12311
12650
12298
16449
16283
18674
19610
17039
15942
17579
12613
18732
16294
13861
17758
12076
18653
19100
19486
13444
17291
17628
14362
16938
18994
12574
13243
14707
18545
13111
11502
14434
19273
17485
15129
18305
18024
13305
19944
10742
15037
13658
13406
11866
12685
19028
16261
12648
13749
15786
14899
15324
14733
18049
16918
10936
12827
17219
16196
10182
19178
11841
11188
10937
12400
12420
17369
11401
11293
16050
15064
12132
13494
17888
11944
18744
15977
19782
19626
10525
16622
12268
15698
12197
12691
11790
16900
14447
16288
18585
11805
11748
11011
12514
11002
12265
19128
16911
11563
12739
18860
15890
19385
11655
12019
11306
18827
10712
18854
12455
10112
15343
16580
14714
18059
11106
17531
10938
13566
11688
16948
11130
12989
18470
19314
11222
10510
14225
10926
15445
16254
17364
18290
14364
19510
18323
17630
19222
17794
12161
15919
11125
12187
12959
15548
19220
11251
11749
14757
11445
16991
18703
11265
13641
10077
16162
14855
10094
13959
12748
18276
16884
10571
12025
11320
15875
16402
19445
11289
10749
10235
14610
12981
12885
18970
11819
16530
12266
12516
18000
13616
12779
10384
17775
17925
12417
11495
12642
13823
12365
14349
18499
14585
16201
10780
16569
12021
19903
10848
11435
14023
13167
14377
19678
13687
11135
16259
15812
15718
12859
17191
13130
11643
12751
13662
18182
17806
11606
12470
10345
14831
10172
17773
11301
19145
11313
15880
11165
13765
10302
16743
12621
16619
14963
10518
18102
15160
17515
14601
18341
18094
16689
12116
11214
10965
13165
15479
10629
17018
17768
16551
15115
13820
17705
18431
11785
19895
11483
13103
13058
11144
15793
14185
12569
13448
19056
18406
17553
15322
19754
19986
17877
17831
14836
18417
10163
11196
12807
18767
10011
17920
15568
18721
14849
11099
14600
10333
14263
15546
13237
13632
12315
14783
16513
12836
16858
14068
19339
14686
12246
18606
14828
13039
11496
18136
17234
12510
13568
15132
14888
12009
15621
12155
10508
19810
17867
18651
11645
13040
17185
11199
18929
19724
11722
17106
14966
10400
17683
12371
16540
15246
15542
16134
11303
14829
12628
12153
10983
14173
14421
14130
19867
13922
18013
18604
18805
17777
18214
13254
11782
17609
19697
11696
16191
11013
19286
15702
15351
13222
11601
18342
15541
14455
16270
10526
15313
11419
12486
12601
15149
14502
12771
16021
11377
18517
14566
17558
13195
18393
13700
15208
18898
19803
16618
12884
10877
13982
19410
12854
12062
14483
18523
17346
11683
18899
12069
10135
15102
19371
15454
17117
15143
17939
10374
17693
16975
15529
17030
13554
16537
18659
17007
13729
15979
17331
12832
10040
19996
18035
17249
15877
15773
12379
17411
11254
18810
10316
10948
18694
14451
10343
13248
18163
19236
17616
11838
13940
11252
13681
15846
18690
18815
12297
17419
15512
13751
10453
16515
16062
13431
19363
15270
12713
11711
10527
11090
11969
18344
12270
10772
14351
18386
11047
11021
17065
15896
19516
12026
11411
11745
18879
12946
13894
15325
15346
16635
13981
11115
10444
14723
15593
19497
19072
14348
14705
12532
11216
14229
12919
15835
16427
12543
17256
16583
15038
11107
11725
18382
19892
18463
15221
18866
14439
16475
19065
18063
17664
11967
15679
15503
16099
18685
14690
15408
14927
12659
11031
19001
16936
13230
19662
16043
19043
10254
16531
10485
18258
12788
16937
12238
13712
19770
19116
13160
11180
16957
19808
19989
10617
12152
11848
15327
18036
17569
19651
14019
13975
16772
12278
15086
18648
10670
16390
15452
18620
18204
17988
18821
15455
10534
16667
19676
15305
18768
17365
12411
13930
18662
10614
18587
11536
18065
19054
13072
19120
18397
17995
10645
11182
17125
12089
18251
19003
11004
13653
11464
15414
19526
11919
10685
11629
17606
15873
13389
11413
14908
19682
18121
15819
12851
18710
11874
13091
18131
18034
12820
14489
10716
19491
14157
19259
19295
11038
11136
10466
13999
10068
13796
17009
19862
17270
17145
13917
14959
19049
10843
15973
16595
10154
16953
16222
13198
16490
16803
18964
10513
18646
10165
13885
18557
18677
13342
16379
12017
14004
17940
11865
13411
17178
10818
13558
13928
18771
18005
15893
15391
19748
10515
17933
14533
11433
14414
10155
10538
13050
12652
12607
11475
11863
12527
18686
16995
15953
18765
13162
15171
17096
11491
16276
12231
10474
18726
18238
14295
14577
19714
13224
17413
15057
18723
11739
18031
14840
11906
13245
14995
12730
14994
12503
10436
16361
14036
15355
16275
13080
10640
16042
15558
17746
16135
16693
19976
14568
15949
15993
11734
17657
17023
19326
10194
12082
10108
16416
17033
16726
14960
16159
15220
15940
18632
16168
10603
12984
11892
13083
10820
12573
15595
17289
12795
13774
11982
12013
19833
15416
14350
13773
13958
13938
19030
14409
11233
15639
10988
11364
14335
11957
15104
14258
12344
18128
17620
19173
17183
13755
16188
15097
16280
18693
12494
14725
16562
18020
13956
12463
11385
12414
12144
14851
14619
14945
17187
15050
10646
18901
19779
14921
19570
14237
18003
12576
18791
19723
13960
14968
13966
15428
16089
17192
15490
19701
16146
14110
14944
14127
15854
16352
17568
18396
18519
13432
14697
17675
13088
16463
12367
19801
10746
14077
13635
18372
17313
12750
10555
10900
13335
19298
11920
15032
17738
15650
13247
12178
19612
12023
16783
17400
10264
12349
19552
12239
15607
14748
14971
11311
17476
13396
19308
15573
14709
18817
17829
15592
18534
11930
16773
14296
19971
15986
13654
12675
14713
18750
18617
12352
18011
18319
10290
18513
10476
17757
14578
11700
13374
18691
15340
12091
17202
17947
10806
19389
11826
13908
12524
13419
12844
12872
10830
12322
11161
14249
11811
11264
16672
13009
14139
10022
18917
13867
19873
16245
19543
13124
18326
16825
14054
10562
10786
11020
17571
16235
13784
14762
19981
18692
19755
18568
16375
19416
12003
12107
18172
14308
16040
11268
16792
14865
18178
11274
10991
13991
18385
16087
13724
16277
18293
12593
16213
12428
19251
13206
19301
19252
18683
12065
18352
17041
17366
18743
12235
10604
19829
16550
14001
10863
12546
15590
13609
18982
15378
15498
11675
14537
15483
15751
12055
10775
10662
11605
17179
17239
15925
11012
15697
14444
19473
16641
16650
12812
11979
10157
19294
14190
10793
10452
16835
14165
13376
16029
16267
11155
16579
14029
12783
12964
13280
18737
10463
