26360
23867
29811
21070
20734
29080
26596
24246
22280
23450
27031
23540
21285
25281
26894
29498
23747
22364
20270
27839
26635
24801
29803
20029
22812
28824
24063
23272
26215
23191
21407
24573
21859
27526
25330
27149
29487
21393
28338
29743
28629
22176
25554
21739
24840
24186
20994
21720
29004
20146
23903
24528
28495
29349
27364
21643
24351
25331
26201
28886
24432
23243
27279
27398
27383
25448
28141
24649
27936
21839
20392
28623
22385
22502
28818
26416
28866
29159
28389
28222
22728
23563
29331
24550
27965
24991
24810
24066
27077
28447
20235
27905
29431
22283
25949
27063
25388
27971
26000
22087
23384
28804
22683
21624
24318
26848
23119
25170
29818
28993
26302
21212
28773
23001
28810
23182
26475
29540
28491
23264
24484
21077
24970
21418
26817
23071
29383
21275
28712
23109
26055
21948
28256
23069
20698
28872
25627
21513
27528
24845
25270
26688
27574
23006
24537
22533
28550
24411
24787
24963
29088
25050
20629
29103
24284
23095
28178
24946
28352
27499
26773
26854
26310
26536
27629
21290
20214
23818
23784
29098
27480
27634
28609
23917
21428
29528
23737
23687
21904
25522
20296
24494
20785
22582
29563
22274
21938
27339
28916
22168
25240
21958
20109
28417
24182
24631
25433
25924
23873
27181
22782
24899
24771
22379
21863
24594
28228
27359
21117
23282
26138
23854
25245
26552
21433
21920
29656
24139
23983
23471
25520
29503
20897
24831
28292
22162
23641
26257
29787
21694
26153
29479
20744
26486
24932
26629
25417
29430
23099
29402
23415
20588
26981
23177
24160
21376
27964
27464
20526
29899
25516
24828
26701
20986
28428
20580
29078
28715
25958
24874
21620
22615
24677
21840
29333
24491
21105
20982
24310
25285
25392
27467
24566
27439
28530
27663
21829
24177
29692
29825
23509
26646
23219
29620
20430
29632
28023
26807
28651
26463
29441
29176
22380
24236
25310
28644
24764
21712
29729
27000
28461
24760
23590
20847
22616
24651
26004
29944
20144
29262
28416
29156
20835
29054
23267
23938
21514
26666
27263
20039
22543
20309
26502
22368
21123
29001
20175
28751
20806
22099
24298
26249
21825
21925
26076
26879
24660
27524
25082
25918
27069
26573
28984
29196
20492
23793
28747
24992
28962
22956
28586
27666
23922
28769
25358
26177
22489
29571
23311
22036
26064
29760
26563
28438
25053
23662
21655
29408
21711
20527
20836
22089
20514
25881
26882
24914
28282
24807
28202
22914
23668
23875
23079
20617
26643
21464
21760
24780
25861
27610
25028
23770
29881
21515
28513
20649
27687
29382
20843
26864
20789
27830
23797
21710
24512
25930
23902
20267
20869
25337
27170
27102
23365
21127
21409
20955
21254
22237
22059
28983
26378
22282
27034
25335
26770
27297
21797
25528
25061
29422
28897
24955
24285
24865
21169
27433
27200
22845
28702
26235
23823
24521
21278
23042
28177
28582
28952
27639
22851
28440
25264
24175
20828
23288
22374
25174
24428
27257
29650
27854
20699
21088
24487
27782
20723
24665
20190
20782
25600
23801
28849
28413
28876
26567
26655
21988
21189
23196
28917
29767
26697
21269
29826
28077
26717
23956
24049
28624
27607
29851
25483
27130
21231
23155
26775
29388
25763
26942
24529
26694
29208
25183
29785
20166
28854
29073
27999
25590
24552
20384
29418
23150
26189
20327
29820
20490
29387
21317
26149
24511
27745
28323
28120
28278
20653
24710
21554
20200
26967
22577
22361
28138
25566
20367
22461
24464
29933
28696
26718
27105
22656
20425
26203
20266
22564
23161
28422
27829
24645
23110
29167
27392
24990
24866
21093
20845
28793
29126
21994
29541
22206
27322
28487
26934
27430
23892
20416
25639
22547
25723
21523
23459
23482
26110
29903
28237
26835
23271
25487
21746
27048
22771
23847
27808
23128
23516
21702
29699
26529
26640
27542
27376
25140
26963
25738
28618
22677
27784
22765
25610
25782
27228
24567
23194
28287
22427
27223
26021
28713
23771
25883
26989
20280
22318
20165
26612
21329
21052
29759
25792
27440
24012
26425
23083
23778
25018
23599
28432
26716
21136
28986
21780
29155
26372
25789
29340
27179
23129
27004
26511
21447
28250
20621
20281
22245
21603
21505
20334
21576
20403
25962
25893
29716
20790
28600
28714
25266
24913
24097
21751
29489
25570
22447
28845
20521
21970
26623
21567
25060
23479
22649
20658
22263
22225
21997
27233
28464
22737
28401
23179
21134
24379
25823
22192
20669
23502
26214
20217
27314
25726
22627
27188
29069
24361
21352
20231
29590
20805
25857
25345
26437
24332
24344
20372
23592
21742
20271
25648
23609
20932
24321
28840
22391
21058
21807
28349
23645
29613
29361
21021
24006
23037
29207
26745
23785
24176
23533
20282
28305
24032
20600
29817
20087
20224
25426
28285
27880
21585
20093
27530
27434
26756
22276
24397
27128
21532
24331
21170
28597
28042
25925
24885
21884
23776
28639
26585
27124
25873
27560
27570
23253
21380
28666
23845
25104
26466
23088
29090
27397
27423
20337
27141
22453
29259
20315
28792
20451
23392
22358
24255
24705
25059
25622
25179
22303
27173
23334
24439
23893
28914
23153
23507
26359
28123
22070
24173
27361
27468
24477
24250
24684
29097
28439
26887
27316
26111
21649
20759
26592
22115
23014
21084
21423
24577
26986
29424
23570
25663
26042
21271
22891
21210
26152
24532
29003
24982
22275
20572
26015
21530
21279
20717
25769
21939
21488
20909
23158
26916
29815
26957
25278
27955
20551
21419
25807
26241
23697
26503
21012
26386
29527
24296
27202
27012
21270
26473
24059
27582
29007
27917
20011
25656
20037
21099
22495
22389
28147
28569
24533
28113
20381
22350
21789
25343
22410
25707
22810
24267
28111
24712
22517
24734
20371
28546
22313
26459
22811
21714
20995
28970
25896
20500
25172
20798
23730
27783
29995
24076
24068
21439
23106
21725
24305
28523
26744
24230
23919
29551
27864
20413
29813
23898
24416
26545
26657
26593
27859
21726
27604
22748
28735
28248
27490
26767
26190
28441
25117
26968
24148
20178
21654
22081
21980
27576
24969
25185
29926
26753
22302
29372
26693
22085
22333
28020
28627
22411
20303
20446
27154
21016
23877
27771
23348
26769
23852
26234
28782
27877
20844
29484
23901
20137
26051
24777
26072
21656
27013
24167
20618
23963
23404
21251
21326
29672
25282
27492
22722
25659
25083
22010
25349
28953
23064
23651
21249
24073
24698
24133
27337
29684
26656
22101
27021
26884
23033
26191
27588
27773
22516
25523
23056
26788
27114
22308
20378
25613
20946
24423
23674
20168
22416
29162
21572
22576
20140
28373
26232
24979
29142
22016
28519
21627
20648
20993
24711
26353
26230
23789
25407
20858
28633
23672
26355
29598
26066
25784
20781
21388
21256
29173
28777
24127
29348
22745
26408
28192
24481
26091
24635
29919
22442
24808
27234
27221
22792
28004
20332
27403
24146
27260
29892
27373
22026
28608
27866
28632
28255
28021
24886
20954
20424
20187
20675
28752
26696
25728
26481
25301
20462
27217
23320
29138
22236
25863
21748
22419
29601
24974
27678
28002
22382
22178
27523
24084
26582
22051
22787
21221
21086
27139
23424
22840
21440
29008
29532
23589
22021
25111
20079
26022
26911
27916
29764
21915
22195
25480
29002
22703
29177
27182
23205
29630
24666
26287
25509
21066
23000
20867
26692
29806
22366
22739
21955
23821
23007
22034
21137
23779
26409
29304
29733
24245
28684
28707
27762
24102
21345
25068
22669
24374
29634
24564
28703
28050
24959
21998
26996
24923
22354
24288
24300
21996
26953
28860
29311
28326
29329
29397
29720
22077
25944
23151
23366
28716
28137
24019
22977
20066
28328
29261
24574
22465
26557
22405
24767
24107
20758
20510
23149
27559
26054
26999
29085
24232
26834
24798
28319
21069
21478
26491
23940
20681
25120
26398
21766
25004
27335
28677
26683
28165
28853
22057
22435
22527
29693
24953
27412
26704
28260
22553
23971
20761
26261
26471
26157
21095
29718
23522
25989
29863
29837
29328
23669
22823
22384
27987
23438
26800
27800
22125
28426
23422
20776
23412
25543
28909
28096
25362
25208
28448
23721
25014
26961
23987
24674
20700
25228
26167
24844
27370
23853
27326
22585
24906
20120
26086
23077
22814
25062
20145
21534
27549
21355
28103
26771
25719
22367
28784
27247
23382
28133
27030
26280
28665
23650
28366
29950
22762
26442
28190
23199
25012
21202
28934
25915
21879
23291
26389
21954
27608
24897
29490
26583
22188
26787
20853
20707
25137
26417
25606
25268
25432
29356
20449
27776
27271
26020
24180
25578
24004
28941
28313
26515
28858
27313
29240
21972
21719
20223
29641
24003
23145
29798
27958
21338
23032
26527
29940
20479
28356
24244
20232
23338
27168
29896
26730
21337
23632
22337
21368
25317
27537
22409
21076
21628
20619
20768
21096
20007
29799
22050
28848
29579
25524
24746
28347
23449
24099
25917
21906
28151
27340
25996
23765
21176
27388
21179
24281
20735
20914
23957
27122
23991
21543
26345
21981
26855
25994
26122
22575
23325
22758
29626
28013
29504
22448
21120
21343
27910
22252
23054
26490
22597
26396
23908
22204
22067
24219
26795
27538
24718
20157
23164
24838
25336
25454
29607
22779
25447
20791
24576
23731
25130
20056
26294
28311
26202
26620
25574
25535
29150
28049
20010
27060
20375
20230
26542
29025
23229
28059
22601
23690
29341
22839
20318
23341
24311
26098
24695
26405
27709
24803
26712
22980
28146
28388
28966
23327
25178
23597
24732
26849
27553
22243
25777
25294
23103
21263
24490
28500
26011
29136
27555
22174
29475
26611
24135
27459
29928
20397
28148
22230
24039
29437
23965
22906
27484
23564
26275
21442
26746
23895
29559
20816
23410
28729
27990
22590
22287
22843
26562
27330
23626
26737
20655
26860
21314
23246
29440
21032
28682
20910
24687
21581
20068
26993
25296
21850
22402
20254
21511
20960
27117
24150
28069
21865
28302
21466
20566
28963
28599
22809
25173
27406
28764
26816
24486
28560
27360
20959
29060
23027
20643
29153
28865
29616
27284
29272
25037
23417
27961
21412
29347
28772
20360
29237
22309
26063
27569
26608
23004
27087
22267
22640
24116
26856
22595
21477
21910
28655
21609
21361
29472
24362
21431
23124
24802
22487
22235
24422
25692
24729
28186
24406
23476
20389
26303
27650
26052
25934
29505
29912
24723
23326
25143
21140
27227
21230
26031
21520
20414
24447
21411
23456
25751
25363
22911
21331
23961
20301
28520
29565
22561
26813
29606
24018
23242
27212
22523
29222
29827
28173
24682
28990
28066
23441
20949
25481
29234
24925
25809
27525
28377
25848
22522
29824
20347
29538
27615
25399
28341
28981
29869
21844
26900
28397
26461
23677
24896
25271
20294
27633
22938
29946
22149
27489
22012
27025
27820
24444
26283
26281
29158
28112
26446
27547
22191
25693
27758
23353
23709
25626
29174
28129
28631
20494
21324
22642
23755
21636
27656
26388
21566
29211
23792
27092
28789
28722
28628
21761
21303
27059
28220
27564
28109
25423
21181
28630
28215
22295
25401
23367
21677
21931
26609
20865
26581
28745
28484
27846
23939
28857
22491
24297
27664
24378
20487
27751
26723
23031
22562
28176
24398
23935
28811
20243
28583
25909
28973
24193
24455
21030
21707
29058
21754
29628
22467
21827
29224
26301
26531
25749
29667
23431
29130
24478
26827
26291
25502
23497
29111
29044
24147
24890
21222
29658
26699
26356
21521
23613
21049
23160
26209
22822
23576
22371
24263
24545
22312
22573
24749
29952
27395
29526
26768
28817
24714
28704
22676
25284
23729
20474
21621
29850
22369
25115
29921
25057
20997
21025
25420
22804
20111
29178
24701
28731
25701
22330
22830
21491
29056
29960
29719
26734
21932
21318
24221
28041
29600
29355
26094
22076
22853
24565
20639
21798
21492
26955
27477
24647
23716
28346
21372
20345
23832
24109
24883
23715
22221
20342
21900
28167
23217
25070
20198
27356
27476
21351
29245
23829
21434
28621
22359
21764
26634
21718
29775
24627
23469
26250
22023
20058
27094
26242
22913
21050
24431
20764
21422
20719
22425
28261
22377
23316
23723
24216
26284
22713
22459
25654
26614
21510
23448
28802
21519
20546
20838
29713
23101
23625
23346
22279
29477
28878
22210
29698
24346
25920
28238
24797
26850
26501
21528
27038
24168
24863
23057
29691
22213
28851
28780
20295
25770
26540
24079
20919
29502
26131
20547
23925
25216
27103
28652
24869
25181
22304
29566
23583
29330
20941
24739
23638
24852
27978
24403
20590
25419
28533
21678
23411
25969
20488
28143
25501
27344
25825
22628
29241
21734
20106
21984
24069
24377
29905
22048
22347
25548
24449
29012
24122
29783
23605
25604
22415
22003
22247
26019
28868
21313
28153
27369
25128
27067
29686
23860
25623
25398
24853
22201
21531
20569
24191
27401
24504
20239
29906
28370
29219
21665
24510
27156
24360
25929
24599
29100
28548
20233
21276
24001
27465
29962
22052
22841
20793
21468
23381
21767
20478
29709
23186
27682
20900
23634
26493
28895
26089
20951
27043
29577
26914
23146
24508
27993
22163
28836
22889
24082
28244
24593
22375
29724
28444
28164
25495
21737
22319
20374
27246
24812
22069
20885
26264
28843
20693
25312
24498
24922
29985
28150
27932
26735
22808
25718
25879
22399
26811
21730
27132
26698
21003
23222
26125
26474
20950
28726
25119
23871
20351
22868
25252
20325
28277
21687
29602
27317
26602
21588
28457
24741
26322
26948
24849
21570
29476
26155
22062
22083
26722
28320
23760
26524
20823
22042
28056
21670
22689
25052
22865
24154
20293
26384
25940
23481
21885
22114
27183
27941
27689
25646
27529
23013
25311
26336
27667
25851
24309
20716
22860
20989
22078
25997
24775
25900
25160
20033
28974
29494
25614
22293
27176
21248
24867
26684
20401
29048
24917
20331
26764
26414
25094
21558
25472
24348
20015
29123
21623
23206
28357
29964
22932
24198
22344
29855
21855
24460
27216
21198
28453
25841
25640
29795
24054
21971
24502
26721
29113
21441
25005
24341
21868
23349
26014
25753
20206
26568
23857
21319
26912
28749
29654
24136
24442
22233
20567
27681
25891
27919
29026
28972
23050
21001
20701
29378
20556
22569
24204
29118
20257
24727
23009
24256
25103
24301
25163
26783
25139
21993
22697
26428
20435
25704
29500
25923
27262
28230
20787
28524
20738
28005
20927
28493
29172
20815
25878
20496
26392
26617
27616
20530
29907
22968
25066
25486
23575
29556
28488
23856
24290
25400
27385
20014
26369
27245
27911
25459
21722
24673
29797
24303
28801
29680
22869
26950
25631
20485
23866
21348
27908
25618
22747
28612
21747
26107
26096
25076
29900
29731
22485
26286
20278
22933
20455
21118
29306
22887
28155
29077
28743
25088
21363
29127
21538
27452
22418
24839
21135
22197
21819
25029
28746
29890
26119
23051
21235
25303
24373
21116
26726
20622
25709
24238
21874
25840
28213
25276
25192
27515
27377
25993
21639
22945
23924
21953
27355
27307
28127
24994
25793
27539
25666
28576
25597
24692
28531
21645
27807
23372
24100
29655
29462
23363
20132
20525
20876
24289
21247
25711
28664
20871
24747
22878
22340
20953
21584
20459
22924
21782
27186
26780
29648
25552
24928
21233
23394
21241
26709
29513
22874
21852
21936
24015
22775
22665
27327
23473
21289
25799
27594
27887
29537
29470
25658
28847
29789
26078
28330
27068
26106
24642
29683
29762
23465
20415
27719
28496
26159
25651
23138
28156
24328
23463
23407
28928
23237
24924
22281
20706
21162
23627
21762
29936
21446
29796
27405
26917
20057
29974
22903
20005
28719
28989
24661
23930
29531
20558
27926
28281
28767
22735
20894
29739
23705
21516
23948
26141
24144
23287
27883
29679
26553
20082
23510
29137
28105
23280
29125
29255
24083
25510
22102
29043
20457
27698
28626
24434
20001
28451
20661
24042
20801
25919
23744
20304
22549
26101
25945
22165
20095
27531
27684
22854
26492
26550
23028
20817
28106
23678
23780
25783
26198
28217
27394
20275
29124
24086
22211
26931
28196
23839
24779
29722
25957
29497
20169
22641
28766
24862
25801
22667
24602
23339
25987
22446
28839
25722
27424
29923
28906
24047
28459
21575
22873
29880
26559
28711
26959
23933
20868
20287
23671
23805
25955
21108
28308
25539
27436
28425
26893
21504
25016
23211
21206
28706
23702
27834
23955
25877
25412
23608
24093
23061
27724
23799
21010
28080
21110
23100
20090
25289
27711
28568
24772
25869
21493
25182
23426
25010
22091
28955
26267
22110
24676
23735
25162
27546
22678
29303
26370
29973
27320
25313
26211
21054
20936
21287
26109
27180
21023
22867
22228
27581
25660
28559
21211
27037
24858
24907
20682
24735
23281
25905
28057
21375
27150
27660
25990
21101
20772
23239
28297
21332
21796
23561
25837
26740
26041
28304
24758
24394
23343
20501
29052
20394
26946
26647
20423
24652
29291
29747
27160
24832
25845
27126
23655
24569
24268
23147
20594
27693
22515
26464
22661
23931
20973
25818
24542
21382
27674
27637
26671
25731
27828
27309
24612
28635
26579
22284
28154
27155
24615
25142
25022
26194
27738
23118
27098
28987
27977
23904
21616
26870
29081
27486
24571
21048
22895
25227
27435
21671
28065
26263
22172
20064
28822
29754
26331
20818
29675
25102
22707
25814
20683
29018
25871
24227
28921
24048
29725
27761
23554
28821
24480
28329
23114
29444
26895
25302
25003
27052
25097
22035
20640
27241
23234
22470
29405
25217
27108
20630
26786
24857
21589
28149
27858
28761
20242
22153
27095
22909
28553
29284
22173
29812
21563
20437
28249
27651
27196
25551
21763
27211
22824
26324
27378
27288
24822
28659
26402
20765
28964
23195
27112
27064
23942
22618
22387
26825
22736
22456
23782
23932
20421
27578
20366
21657
23434
23530
20834
21812
26875
23617
29386
27342
23768
26087
21867
28902
27706
22356
21141
29446
21951
26867
23538
28086
26846
23891
24473
21316
28252
27267
28830
21550
25092
25798
20773
25511
27544
25320
26972
28988
28698
26489
26889
29389
25899
21729
23429
21302
22960
22248
27628
28549
26725
20774
21565
21152
28301
22202
28184
25489
29808
28116
27136
23920
23286
20072
26207
23296
25916
25129
23322
20543
29393
21060
20522
23123
29902
24620
20654
20031
27946
28892
23297
20258
27790
26206
24740
27509
27446
20470
24518
27023
20167
21304
20750
22383
27995
24975
28904
20767
27669
28874
25977
22607
28975
28763
22068
21100
24601
22793
24699
29644
27167
24670
24395
28183
27921
26561
21611
28512
28259
22844
28591
28563
29225
27716
23664
23347
22417
25461
28284
29845
22244
25740
23542
26526
22990
29344
25410
23276
22264
21811
23764
23168
29432
26658
28254
21174
25765
20193
20753
29215
27811
24210
26543
25717
23543
27950
25466
24989
23336
22288
24436
24728
25243
28737
22999
20921
27144
20505
26083
21444
29622
22714
20152
29804
27944
22139
25715
20595
25593
21929
24023
29969
27428
29046
24671
27224
27470
25913
26352
28842
21506
24060
29214
28234
29121
26749
29966
25455
27351
27276
27299
23969
25508
22412
23127
23292
23256
20074
27441
21641
20291
25267
26506
20102
25638
27777
20988
21632
22481
22563
21659
20943
21047
21395
29416
29852
23464
29996
25802
24040
26132
28082
24830
21922
27350
24722
27009
28637
20516
22157
20458
27512
29589
28257
29978
27589
26010
29790
29835
28469
26519
26700
24632
26525
29874
20786
23306
23309
27005
26030
20199
29883
25794
22915
23198
27502
28231
22726
27001
27044
29377
27596
26927
24774
21681
27937
22901
20857
20362
27942
21753
23260
21414
22928
29429
20519
23317
22535
21015
21646
27625
23490
21149
21525
21738
27705
27197
24275
22472
24686
28383
23835
27437
22257
27447
29315
22474
23121
21245
26865
22226
23189
27466
23302
25601
24029
21664
23420
26906
20975
22028
22985
21786
26520
24935
20097
29265
20821
29657
27722
20920
25686
23265
23975
23727
28115
26304
28959
22777
28339
23220
29466
24000
25619
25985
27643
22121
21564
27876
21676
22817
25921
22862
20731
26248
29235
27527
20164
20751
20159
25041
27749
28527
27998
25309
28295
20061
20826
27345
29096
21252
26874
29529
29751
29792
27847
23060
28145
20473
29821
27192
20581
28263
22632
23136
20934
22513
25134
21805
25114
29721
21841
26265
26296
20377
23068
27865
21704
21541
20422
21617
26616
27462
28028
24519
24520
23278
29457
26803
23015
20933
20252
29053
26496
24145
29671
28667
22466
27042
22503
23005
20032
25967
25224
25451
28051
20176
23169
20236
22320
24530
21857
22872
26403
20279
23396
27881
28053
28267
29924
22730
27992
20916
22184
25233
27884
26326
25367
25093
24239
25427
20777
21690
22975
29108
28418
27145
22464
23907
24967
20564
26305
26339
23453
29771
22653
22480
28741
28540
28365
28880
29848
26450
20041
29401
20578
21151
25138
28791
23673
29954
29381
25534
25199
29281
29206
25305
25249
26980
29793
22029
25342
26505
27387
28174
24769
29696
20251
21861
28380
28573
27080
26669
21533
23741
29258
23545
25153
28195
24396
29582
23184
29740
26373
25202
29858
21921
23284
20062
25569
26622
29878
20148
29157
22520
22638
28091
29861
20775
25532
28856
22720
28694
24043
21398
25637
22253
20574
25155
28679
27111
20537
26595
22631
27140
21830
27586
20709
26868
22603
22254
24386
26908
24214
23855
24045
24463
24050
22212
21886
28681
28738
24916
23078
20586
27007
23767
26335
27600
20440
21606
23137
23399
22753
23430
22009
26117
24514
26660
23241
28171
29516
28104
26971
27595
20288
24400
28663
28226
27035
28037
26665
20215
26256
26455
20749
29337
25460
27593
21759
29931
22580
27290
29149
26478
28379
27451
26938
25499
28944
20605
27305
24653
29370
20219
24454
28253
27789
27557
22286
29230
25584
26541
23966
21930
22659
23333
25872
23074
25817
26939
23927
28247
28947
24011
21038
23154
25668
27601
22849
27125
29242
27336
28827
25135
23221
28052
24805
20489
20467
27855
21094
25404
20085
28958
29608
24773
21660
21299
25191
29027
27174
28269
28212
29084
24575
20896
27513
24688
21472
29884
24547
21291
23059
24067
21159
25598
20383
21017
26080
28820
24507
20662
22973
29106
25074
24751
26380
27382
25304
21882
20872
26651
21709
24503
22917
29972
25146
23012
29072
27450
24796
22752
28044
26876
23418
29493
21486
25813
26514
21074
22322
20652
20809
26776
21183
21288
25608
21612
29312
28110
20998
20283
28617
20956
27498
27806
23746
27045
25475
20673
21226
26260
22710
23986
29152
28709
29385
22904
23504
20664
26088
28670
26880
28159
25549
24407
25414
21969
20591
26772
28114
28926
25673
29217
26970
22478
26065
24237
24641
24121
21866
22681
22557
25644
24418
26871
24353
21594
23269
23912
21708
22941
27690
29481
28535
29659
25628
24187
25824
24888
20923
26443
22625
24544
27362
22326
25721
29468
21330
26453
24339
22180
20016
25928
25186
26334
23718
22612
27504
28795
21685
21889
25612
21335
23880
25471
24213
29575
20313
26342
21587
23414
25953
20398
29323
25441
25379
28000
20863
28616
23800
25038
26676
24058
22831
24972
24759
29685
29781
23569
28734
29910
26329
25124
27730
27688
29761
24228
26270
20101
20971
23643
22962
28605
25176
23142
22144
26714
25755
27896
25821
22662
28949
25888
21429
21165
29228
28672
28945
20930
26642
23373
25027
20330
25496
20601
27797
27243
27827
21415
22921
23213
29939
22690
29305
20562
20046
25581
28939
20972
27871
24904
24675
25882
25972
22217
22507
24129
27431
29929
27348
23511
29374
29322
24881
23814
28504
29249
27571
22546
29992
29633
23344
28433
29435
24337
22462
29300
26777
28742
28671
21684
28816
26229
24141
27146
21768
23842
25531
25558
23894
26877
25758
27543
26742
23752
20055
28932
20153
23562
24053
28678
26944
22186
25373
26915
29394
29264
28310
20197
23994
29763
24882
21923
26713
25747
27082
28405
26404
22324
23566
24279
29742
24837
23581
21301
22716
22803
27759
24572
22796
29987
20613
23726
24212
29029
21741
29365
20679
22610
26670
25796
20466
23301
25402
24716
24247
20117
28079
23899
26429
25238
26628
20363
24898
25239
24372
28415
26861
22181
25812
22965
27875
23093
22182
29660
26702
22734
29079
29310
27254
26708
29862
22292
28047
29991
29753
24343
21966
20926
28152
26037
25144
22475
21912
29324
27717
25013
20321
29639
29772
24901
24679
27683
20464
24614
22696
25396
25943
20604
23165
27278
28246
22241
24024
23139
24385
26618
29067
20634
28602
20598
23611
28135
21703
25000
25767
22278
23861
29882
27469
20931
24161
29548
28064
24075
21347
25421
28107
29564
23258
20346
26607
23514
28650
22936
29014
20565
23400
22268
22855
21495
24505
29298
20018
22160
28108
21799
28525
21846
22525
21557
20684
23682
20255
29744
28200
27294
28315
25171
22490
22541
25803
21602
24847
21509
27329
28363
28754
21562
21919
22619
24061
25034
21724
28309
22242
22972
21674
26750
29221
25565
28660
25346
22982
26143
28201
29651
25354
28931
23647
20616
20579
26631
21679
29872
21031
25981
23819
24628
28431
25892
20829
29454
22151
26151
28673
23174
20339
29823
27286
23378
28863
21750
20379
21294
25024
22061
23090
23598
20644
24488
22123
21845
22203
20107
29327
25568
29611
24638
29814
21390
24282
23387
26747
26387
23618
28316
22044
28492
24825
23299
25935
23911
23706
26390
25235
24517
28961
25100
28157
27692
20711
23546
22401
20158
27306
20803
24222
20656
22658
22727
27265
28733
21691
22630
20870
24915
29390
24942
25936
25939
22289
24401
24842
25506
22756
25596
20964
27752
22624
29603
25446
21949
21610
27980
27778
24382
24208
23962
27605
29561
21814
23255
29302
24668
23290
23572
23383
24964
29458
21494
27635
22179
27474
20548
25352
29443
26412
28358
25759
25046
23176
24910
24685
27815
24752
27032
27268
21893
26399
27425
21604
26610
28509
28808
22158
20880
28753
27949
26873
26937
20447
27848
20338
23439
23567
23312
23423
28522
20754
27840
23495
23045
28402
22723
25826
22724
21467
23364
20150
26413
26479
21518
23457
22185
26415
25971
21364
28121
22190
25675
23506
20741
20508
20680
25685
28322
20195
22858
21600
24461
28221
23660
26521
22388
20625
25063
22259
26789
27019
26137
27438
28458
29897
29604
27198
28197
22194
29194
24931
24893
21057
27573
28521
27407
25370
29016
21697
23167
23409
21715
23477
21449
22500
24459
26358
22398
28778
25964
20555
23427
29200
26672
25768
20763
26034
25830
29990
22979
26069
22250
20690
21081
27421
28364
25348
22020
21167
20873
20976
23180
21147
20623
26357
20796
28654
24756
22007
28992
21258
20238
26899
29745
20721
20419
22538
21813
23646
25286
22227
29746
25602
20938
20967
20804
26032
25132
25870
26411
21445
25291
21178
22783
25287
29480
27113
25926
20417
22018
27086
21484
25703
28437
26943
25795
26821
22639
24493
21043
28720
27051
23318
21377
23162
25781
24781
23376
29134
27311
25482
25133
26687
24823
28446
22644
29638
22589
26367
22429
23743
26960
29705
25684
20554
22629
21881
26652
26555
26290
20663
20503
27985
20143
29010
29539
26918
26026
29782
26439
24234
23283
25546
22781
23289
23539
26905
24034
29609
24737
26128
26538
22498
24562
22033
24750
28218
21421
20819
29843
29189
27976
20244
23293
22113
29289
29568
23227
22795
24163
21869
29143
29269
21321
28829
29552
23130
27291
24030
22105
24046
26297
22499
22986
29736
21381
24485
21014
24051
22452
27057
20320
23653
23089
23380
25226
21501
28027
23622
23080
29530
26675
21460
29438
21201
24633
26252
29104
26239
22039
20476
21281
24391
28578
24790
25322
26978
23887
25274
26397
23536
22791
22390
29413
24636
22702
26266
20887
20902
20094
23156
29547
24231
28859
20234
24813
21145
25350
24981
29205
27951
21992
21340
25474
26327
23055
26245
25039
28182
22725
26626
20433
25736
26001
28062
28805
28025
25743
27813
21831
27222
28395
20122
20194
20227
28068
20431
28187
27851
26288
27091
25527
22875
29190
24965
22743
26307
24585
26058
27325
27185
28950
26007
26758
21452
23458
23144
28001
29478
23984
29959
20118
25914
25705
20996
20053
22778
20597
27338
25562
26760
26624
22964
20898
29410
28825
24183
28881
24911
29426
27575
29038
21323
27332
26661
24366
25607
25702
29488
21295
23171
24548
25664
24856
20222
25494
22963
26341
22484
26210
23652
23238
21006
24639
22733
26033
21808
20373
26451
22454
23648
27994
20881
23693
20477
20096
21733
24138
24860
21950
27623
24604
27642
22926
20429
25415
29037
28580
27785
22393
26348
29581
22103
27485
25157
28321
20471
26027
23602
25457
26279
20890
21000
21413
28084
27250
28016
27962
24763
21836
25288
23025
28034
29131
24471
29093
22711
28910
20862
24008
27281
26333
27654
26219
22648
26798
26648
29181
28517
25760
21498
27295
28879
21787
27121
26363
28736
24546
24162
28081
23640
21237
22310
25886
23679
23360
23452
26941
23444
22477
23113
25123
27649
20730
29209
28470
25998
21353
26782
25371
29089
23390
28036
29937
23750
26890
20171
25636
29009
25056
21806
25894
22637
22645
26312
28584
26843
25956
25761
21638
21473
28117
29831
23859
20350
29704
22821
27410
24096
28270
24784
24708
25500
21693
23694
29738
21483
29894
24833
22692
25405
20696
25329
24114
26682
25007
23029
27532
26130
24745
28271
22884
24080
26570
21772
27177
22133
21539
20418
23595
22731
27850
22004
22654
29810
24654
28475
22704
29076
21503
27341
29165
29354
29511
26913
27015
27315
29403
25831
24169
22800
29913
29407
25616
22984
26172
26255
29624
20831
23870
22146
23486
26804
29702
28258
20589
22249
20241
24696
29254
23115
28915
29522
28870
28971
21194
20544
27134
20078
26121
24456
28938
24553
29592
22611
21400
22463
21284
27071
20770
21999
24304
24834
28014
20123
28169
20646
22071
23761
29250
26379
20205
20272
27561
23719
27746
26095
24467
24996
26728
27882
20509
28838
24766
27763
26842
21774
29690
27003
23308
24884
20940
20984
21551
27838
26433
21524
20742
29957
25065
28480
28140
23454
20752
26869
26792
26075
24323
22404
27248
27609
21895
26897
24095
27251
27242
20977
23981
24333
28883
21717
26881
24850
23335
20918
24387
25462
21172
20358
24404
29120
22005
25643
23745
28744
26759
22742
28445
22064
27346
28686
25595
29510
22424
24489
23066
28067
20545
24383
22959
27894
23017
23774
22479
21044
27503
25897
27143
27253
21199
29788
20142
26590
20324
22131
21496
23666
22970
26444
24584
29647
27175
21688
24835
26385
26136
26440
22047
22154
20147
26645
27757
25880
27219
21008
26984
26606
21283
23712
28368
22493
29244
25609
29961
21985
20399
21770
25699
23556
20160
26139
24426
20204
21482
24713
26423
21384
28219
27548
29506
29519
20040
29707
22508
23379
22169
29384
25036
23081
29033
24229
23553
29350
28708
29677
26949
29980
25180
23953
21877
26364
27443
21800
23949
24272
29117
23882
20008
26223
22317
21267
24630
20210
23475
21783
20409
24071
26924
29203
24120
21843
26597
26105
27422
20030
25175
28410
22335
21268
25615
29546
29421
21752
25779
24443
29649
21373
21298
23062
21336
25386
22008
22581
26282
26530
20999
22931
21802
27456
28072
22613
25436
25464
21917
29243
25099
20495
23249
25942
24088
23474
25416
27701
24648
20904
27232
21133
20627
20889
28833
28700
20174
22920
23958
20156
26695
27924
23076
24334
21978
25360
23740
28514
26205
28541
20302
24605
20126
27289
20518
23713
20614
23547
21535
26909
27193
21561
27540
27225
27331
24299
28471
26346
21555
20583
24587
29091
25008
25911
27774
20905
27591
29501
27863
26546
27720
25912
28844
25787
29676
25690
21261
29947
20571
28528
26057
21387
20240
29714
26711
24591
20130
23043
28587
27085
25011
29325
29491
26067
23111
20756
23187
28318
23937
25864
27333
21217
21192
23263
28551
27328
24824
22093
28337
25272
24683
29482
29296
28125
29202
28566
25555
27603
25221
25884
23523
20596
27393
23023
29318
22699
27081
23416
23614
25251
24224
28355
21870
24108
29492
23790
26003
26092
22923
25380
28465
24919
28205
25430
29107
25225
26724
26858
26113
24215
22408
25822
21129
22693
28994
28613
21203
24634
22027
24609
27203
24646
29805
21153
28957
28274
25983
21246
29542
25557
25513
24509
22805
26112
21908
26174
20987
28980
22971
23105
28690
22993
22270
20677
22885
27135
23696
20297
27131
28331
24270
24357
29140
23683
26805
29976
29625
21209
25827
21305
21339
26668
29188
22053
24202
26902
24035
22256
25045
25220
27695
26604
24482
28861
25261
29770
20852
20445
26823
25081
20386
22073
23190
23809
26921
22218
29963
20184
23973
28262
29752
25862
20736
24815
29617
23526
27791
29917
22772
21143
25108
20575
20895
28350
29865
25505
23225
25805
23841
29034
29024
29932
28760
25344
28588
22045
23345
25515
23596
25429
27657
28985
20878
26295
27590
25991
22119
21218
21943
29486
26432
25833
25164
23990
21475
21354
29614
28979
29841
29065
21064
22767
27741
20003
29453
27972
25696
27062
29784
26114
20135
26421
29164
22864
27020
29040
22291
21942
22819
20498
29728
23978
23021
29400
27809
28170
24776
22537
26148
25903
29335
25188
22750
21876
22746
23097
25567
22458
21669
20376
25986
26836
22109
24441
23483
27792
27411
25647
21924
28336
25275
22836
24336
28846
26483
25166
23403
27083
25927
27981
21065
28324
20866
20191
28683
27127
26158
28556
22565
23783
29338
24203
21788
26925
25300
28409
26377
21569
24065
21689
20387
21883
22647
24055
22351
27697
20113
26535
25712
24873
20245
24950
27272
20856
25165
29039
29998
28908
27723
21182
23200
23193
28555
27089
24986
26226
29779
23389
27960
23126
27729
27319
25246
26070
29363
21952
24124
26885
23587
29849
21138
23356
29585
23967
21253
22111
22944
23910
25187
24363
25829
27280
28646
26299
28227
24010
29986
29612
21459
22863
29580
25674
21196
28995
23063
20465
28421
25507
21682
26690
25467
20289
25785
27742
24855
25458
21777
20563
28622
20794
22706
21577
22327
25585
25479
25154
22116
23192
29280
27906
27133
23579
28516
24643
27195
28884
22426
25141
25564
23700
29364
26844
20628
28466
25992
26613
23493
20439
23985
27096
24220
29922
24608
27685
22759
28011
27115
23988
23230
29409
29199
23681
24414
24725
21630
21157
26820
21673
23772
24818
27621
28018
29838
21068
23218
26366
25332
28771
29774
25387
24370
27101
27744
28526
28288
28783
27106
20173
25980
20426
27353
21862
22041
21308
21327
21404
23447
27903
23952
23642
28122
29984
20697
25078
25023
21653
22238
25067
22510
25424
23833
25478
21663
20637
21672
24603
21776
28803
23813
21432
23140
28536
21243
25308
20044
20882
23470
23888
24356
26090
25734
24390
23714
28687
24410
26330
21833
23624
27024
28558
25875
25230
28095
22444
21474
21126
23909
26175
29290
25236
20612
26998
29248
25207
23377
24078
28641
25667
23010
25127
22430
29533
27040
22060
20657
26108
23834
21114
27700
20748
24021
20855
26306
21425
25526
29185
24199
26081
23040
27934
26183
23812
21075
29670
26497
21197
28922
26182
24556
22751
23421
21540
26200
25547
24811
27363
20513
29102
25525
26739
29955
20006
28581
29989
20660
27925
21601
28031
20262
26133
29594
24429
25428
22766
29819
20050
28606
25445
23601
27715
26922
20743
28343
24276
25297
22852
22832
20559
23684
28076
21625
28539
26351
28130
29886
29859
22897
27997
22156
22037
26318
24271
27416
26376
20990
24016
23332
25976
23680
21297
25748
21816
29587
25260
20305
27954
22905
24726
26099
29465
25906
23658
23825
27521
24681
27238
23484
28022
20611
20472
24307
26435
24026
26731
26213
26005
20380
27018
22952
23358
21379
24098
25975
26560
24709
20248
23235
27541
27078
23425
27510
28592
25377
20757
27731
23401
29925
23133
28265
22469
27214
20511
21344
25988
24597
27801
28314
22107
23620
26485
29887
21040
28689
22175
27204
24368
21743
26053
25198
22754
21436
26785
23795
20778
28210
28645
28800
28887
26892
24184
29433
22193
20246
26043
21438
28286
26142
26448
22376
28486
29447
24859
24589
27053
21965
23691
23993
29353
28532
27652
27845
21878
22164
27226
28756
22660
27256
25319
27902
25258
26781
28732
28394
23397
29204
24009
24871
29292
27323
22040
29860
20678
21156
24251
21029
21631
24143
20760
28233
27252
28688
27061
20354
20713
21200
26244
24702
27506
22222
25898
22957
21552
23337
25965
28565
24501
21781
21502
28045
24020
22171
23695
26845
22666
21975
25634
20385
27973
27646
21242
22799
24452
20499
26045
20585
21828
20552
29778
25874
23098
26246
26891
20382
28923
27296
21365
21405
28280
25194
29411
26431
28819
20343
23519
27775
28063
20992
24413
28134
22152
27725
24364
27602
23375
24971
25621
22871
21991
26077
20841
22664
24707
24592
20624
24887
24936
25538
24607
27220
27449
20069
23573
29935
24157
23178
26522
28273
27390
28620
24033
22240
22721
21790
22572
24995
27400
29210
28075
22494
27189
22207
26220
24064
24984
20659
25443
29434
21455
21946
29758
20452
20024
23630
27952
28567
22271
23461
21260
20196
27445
24469
24733
27205
29943
21824
21471
21875
20531
22155
29439
21784
28852
22015
25080
23058
29645
27402
26627
21306
21698
26024
25280
29588
22967
23742
23250
23413
26002
28030
27953
23796
21848
24381
23960
27240
26438
23261
22976
22935
23710
22528
20051
20022
27861
29011
22514
22094
21745
26548
23053
29294
21370
29141
21207
22262
27458
28506
26727
27620
20686
20542
24891
27889
27823
26147
23804
25961
29114
27842
27027
25151
28408
24415
29914
29636
22433
29425
25503
27737
24785
20151
25493
25364
20299
26361
26588
27675
28291
26218
25001
24465
23728
23757
29741
21262
26025
29508
25382
25365
22473
26056
27966
24302
21757
21529
27455
27261
20540
25409
27461
22705
25885
22166
25544
27163
25984
21537
20969
22013
25152
29509
20875
28991
29286
24242
21891
20963
22422
20978
26427
29574
28585
25015
22032
27079
29867
21112
23395
21898
25032
29627
22609
26017
27795
21350
28029
24126
25326
25587
22092
26018
29662
21160
21490
25859
20884
27191
28360
25269
23368
28012
29139
25517
26862
29549
24623
29094
25835
24500
29083
21979
20864
27793
25086
21791
21683
27781
29822
23143
27055
27444
24324
29953
27753
21371
25136
25968
21809
23863
23781
20888
22988
21548
28038
27968
20925
25553
22815
20484
21818
27352
27748
20695
27008
24841
20480
21142
23794
29875
27472
25248
28303
24868
21896
20892
26793
21312
24786
24689
27153
28376
24074
29369
28774
20226
20849
23606
26285
28545
22128
24402
22548
24130
24693
27324
25040
28240
23976
22272
28648
21583
22797
27837
21974
28369
25253
22954
20668
22807
28203
21927
25970
25530
21039
27072
26641
21735
27017
26577
29911
26193
26706
29844
25394
21976
27895
25561
25697
27277
28118
20105
24782
26810
23148
20483
23704
28790
27624
20528
25573
23340
25145
28367
28275
23011
26528
21933
22348
25306
26169
27821
25247
29119
29938
25389
28579
29233
24340
27414
29415
27507
21131
26050
21359
29170
25395
20393
25025
23817
24958
23321
28937
26436
22058
22886
20647
24736
20036
21823
23398
27432
28482
29780
24619
20420
28003
27109
21595
27209
21450
20860
26102
26029
23122
28362
24586
25112
21542
27967
22265
22524
27475
23788
21451
25476
28119
22457
21148
23828
21041
21536
28901
27907
25328
23039
20901
24345
24861
21408
26778
22675
27986
26808
25512
27418
25292
27898
26061
27945
30000
28419
25960
24690
27613
26929
25196
23492
24031
26452
29135
26199
29730
29623
23639
28207
25177
22583
22859
22719
25677
20256
28345
26578
20100
28869
20947
27618
27798
25868
29562
29968
24261
28224
21526
23763
28899
20084
28175
27334
28208
27231
24389
27039
26274
23024
24315
20369
21962
24496
25277
26231
23997
27676
24864
24110
27110
21658
28515
29885
26992
20026
25488
23224
28649
21593
20208
26907
21036
26910
21102
21749
29816
24788
21334
24476
27947
29239
29380
26434
26574
27567
22331
25560
28727
24814
23020
25250
20326
26488
23496
20054
25259
27501
26308
25149
27303
22916
29168
29110
27519
28264
25655
20727
28614
25797
20316
21011
29256
22437
22892
25732
22054
29427
29092
29112
23749
22790
23998
26677
27491
29689
27292
24166
20110
24329
23442
23557
24462
20116
25418
25541
29351
21856
21485
22120
28862
23874
24540
20023
20322
28542
26863
26851
20434
21457
23736
27817
24640
29461
25580
28232
25043
22879
24106
28185
20811
28372
29915
29857
25698
24196
27207
21097
28976
21489
28596
22397
29828
25209
26371
24621
24440
26733
23038
23722
24248
26644
28873
24819
24259
25727
21188
26587
29148
21967
23791
20820
29948
24598
26565
25168
21499
22406
20189
24117
20099
20228
23212
23724
28235
20632
28478
26381
21374
21916
22046
21907
20456
29993
29022
23612
22929
29220
20432
23886
23865
22680
22586
23619
21832
25121
22216
23951
25314
24320
24650
29419
23548
25453
29392
22298
29868
24470
29800
21986
20139
22848
29673
20961
23725
20017
25273
27653
23850
21699
22219
25223
24582
21024
27408
27873
29313
28893
23022
28806
24770
25184
28460
27347
28427
25295
27869
23989
23529
28398
28965
26170
22574
21755
20780
20846
23188
24902
28396
22760
28571
25017
23279
28162
21080
24951
23822
28399
26462
26480
29030
20965
22301
26311
28750
29909
27026
25491
23954
21773
29703
28382
24292
20520
29186
24680
21144
25583
29853
24090
29706
27142
29560
28572
25904
21668
22006
22019
26833
23374
27750
25858
25661
26100
20671
28710
25334
27266
23512
28755
29715
23574
22978
27786
22847
23070
26227
26273
21277
26673
20436
23806
28214
21171
22297
29198
22663
20550
26866
26293
23082
29999
24472
26187
21089
22846
28211
29320
28456
20739
25189
25629
23391
21119
22130
24128
23044
21078
26928
28083
26923
20277
24613
22428
26832
25730
24761
24821
22592
22486
21255
23245
29064
20310
22124
25195
24151
26829
21456
20043
22695
23303
24359
27384
26838
20129
26533
27843
29723
23549
24806
26818
20444
23844
24132
29583
21744
24243
22818
26420
20448
28443
20807
24934
20133
25850
22622
25867
20610
24195
25406
26517
26251
28730
22820
29352
28340
22761
27074
28903
22395
29066
25200
23445
20685
23141
22558
26752
27713
22594
27415
27764
28423
23979
24706
20336
23807
27287
28181
28293
25376
26166
27556
25836
25890
25819
26901
29871
20539
29247
23974
22306
29553
28132
22305
22531
28411
22686
28647
21973
28691
20783
27583
22786
29791
29184
23858
24376
28406
29129
28634
27645
29059
29463
26395
22898
24730
24669
22501
29420
28354
22030
26104
27585
25678
23851
24820
28009
23923
24717
22937
25665
22550
21553
26323
24249
27321
25101
22958
24450
22421
26259
29646
26316
22598
21803
29276
25948
26093
28610
28642
24240
20917
27426
29062
22381
21608
25450
29920
28508
24277
27056
22900
23172
24600
29051
25811
27471
26068
20638
24226
20076
22214
29087
25676
22798
22014
20442
23386
26691
24536
23294
21180
20674
23209
24816
24207
26973
20460
25381
22269
27740
25490
20497
21926
24827
29236
25762
22136
21399
26898
20599
27658
24028
25828
27535
25096
20253
29109
23214
26619
25820
25497
27572
22277
26268
23766
22579
20400
27028
23487
28245
25887
22323
26382
20970
27659
25780
25791
28967
21613
26853
29483
28537
28692
23594
29840
29888
21959
26171
21769
20308
24854
24155
24836
23688
20908
22997
28799
20115
26418
25679
22143
22142
23359
22200
29545
24800
24483
21775
25213
21469
21397
24474
22566
24908
29099
21092
22587
26126
25341
28299
23073
20549
23582
27772
26576
25347
21864
24976
28015
26217
27036
28078
27862
25026
25754
22392
29523
21941
29023
27780
21417
26168
20161
28837
29569
28814
22177
26343
27868
25650
22492
26632
29151
22223
21205
20983
26940
27825
26761
29640
21854
27413
21224
22414
29074
20715
21650
22285
24409
29621
23826
27517
27562
24626
22378
28936
24038
27754
23756
26809
24017
29195
29144
27614
29467
22215
24062
26178
26705
24629
26120
24257
24579
28400
21333
26145
25197
21191
27879
22927
21944
25729
20333
28905
20813
21234
26840
25113
21480
22011
29319
21590
26161
26556
23134
27788
29464
28307
28455
29941
24164
29376
29086
29807
22122
21250
27900
27184
28675
29473
24319
24287
27206
23268
25167
29169
26956
23926
22232
20185
25006
28554
27011
21522
20438
22883
23708
25357
28158
26407
20504
26240
22794
22403
25048
28850
23085
20411
22294
28510
27904
23030
20080
21190
23803
29020
24524
25959
29006
29832
25422
26368
25786
20075
29452
21079
21139
24153
26340
28611
20633
25838
29154
23802
20083
24342
28430
29346
29049
22899
25575
24152
29182
27819
20328
26790
28093
23846
21453
26123
22571
25735
28615
23202
21692
27805
22504
23232
25325
23992
24721
25849
23236
28180
29282
27874
27796
22773
29095
20740
23915
26406
20606
22231
28198
26269
29776
26637
25966
29314
20250
27343
21055
27899
20344
29496
20561
25716
22198
23207
22866
20979
25159
24355
26165
22837
22951
26469
25933
24694
20450
24997
27463
27644
24918
25262
27166
27673
23692
28463
21035
26184
24405
28813
26857
24987
27835
29193
22460
22290
28279
29536
23087
25902
20390
23163
28511
27514
26476
24330
25161
25605
22682
26349
20154
29042
28595
28351
24848
24388
24954
25963
20974
22476
27810
20352
22024
29017
28429
26966
28477
29122
24453
22505
20009
25662
28960
24211
27668
28564
21085
23897
27118
29368
23900
22995
23181
22674
23758
29231
25321
23226
20141
26638
27481
27210
22774
28033
25714
21059
22246
29802
27460
20225
20825
23244
26983
28479
26575
24365
29495
26947
23959
20045
26554
25931
26763
29055
24499
24094
27379
22161
20020
29557
22140
20454
24563
26815
29227
20948
23489
24293
26806
20468
24985
22861
28435
25710
26878
22882
24338
20013
29166
21061
25279
22698
27249
22834
21928
27913
21517
22880
27282
26839
23654
29854
22877
23946
27244
21356
28534
27497
23558
26298
25222
28911
29263
25073
26338
20218
21899
20134
22196
22170
20370
24583
23588
24926
21911
25290
23675
22673
26615
27389
24876
25689
22436
27721
21430
23808
20323
20814
25465
25804
24119
26156
27767
22545
27631
23738
25633
20672
22135
21220
25682
21648
24077
27495
21666
26460
20004
23676
21487
28502
24420
25737
20962
23885
28490
25691
26979
28674
26044
29375
23259
27680
24531
26571
21020
25563
21113
22802
27641
27239
29544
22079
24534
21728
25542
24944
24879
27453
23849
22370
28680
23104
27794
23501
20359
29927
24265
25055
26062
24007
24125
29031
27743
21568
27696
22780
20163
20899
23240
25042
25021
26814
29610
20771
22129
26822
23762
28136
23300
22539
27892
21392
26601
24274
20486
24894
27169
24720
26013
21187
22816
25375
29449
26321
21037
29717
26204
29971
23393
23517
25374
20837
29399
24347
24269
25255
25044
22584
20642
23135
25353
29515
25413
20047
29450
26394
21435
27293
29697
20138
21637
21082
26926
24551
26952
23970
28485
25368
21935
29615
25064
22148
26681
28518
21695
24291
23615
26347
25995
23537
22104
21005
22346
25842
28951
29965
20341
29161
27747
21723
25254
24846
29591
22801
28787
25537
29417
20937
20259
26799
26796
22329
27047
22506
27487
26930
23918
25393
23342
23233
24225
29448
20021
28008
22604
24895
21240
29032
24748
25844
29366
25757
24254
28483
24092
25020
28676
26824
21661
27922
27084
21968
28204
27975
20348
24022
22432
20651
27073
20842
29367
23295
21158
23565
27500
26779
22570
28374
25049
25540
21426
21727
22940
29777
26509
22876
28094
22593
27991
28574
22949
20952
24314
29260
28391
28163
29898
23125
23307
28007
27728
26976
23270
20475
20808
21640
20112
21701
28757
24435
29687
26071
27853
22373
28997
20832
24968
24466
27799
24408
26422
23208
28070
20207
20883
29299
29345
28855
25071
26038
26991
28414
27914
21990
21914
27374
22652
29584
28100
22365
29036
26663
25439
26103
29268
23896
20216
25774
25514
20822
28499
24998
26247
29934
24113
25372
24900
27151
23075
20201
22266
23352
24554
20461
20827
26707
21056
26456
26197
27989
20893
23881
22532
21244
22355
27943
20067
25586
20314
20725
23656
26859
22086
23717
27708
21175
21341
22239
24960
20192
28920
20108
21842
27448
21847
28043
22770
26192
21463
28669
21982
25214
20830
23216
20929
20903
20292
20086
29183
26162
22314
29977
23315
24134
25231
22946
23204
27129
27841
23203
29908
24171
22987
22994
22602
21264
27568
23686
27088
27939
28317
23310
25131
28384
24190
20506
29694
26994
29428
24742
28342
28593
24140
25816
26482
23520
21293
27870
20532
24367
27482
23065
23428
22112
22518
28912
20891
29889
23108
21122
25215
24103
27714
27178
27930
25855
27302
24002
22394
25438
29981
24549
23633
23500
25599
25324
23132
22353
20285
29642
27283
21821
23437
28501
28189
21091
23131
28797
29070
20687
24578
27707
28871
21792
25846
20170
24892
22939
27058
26649
25695
28701
21164
29918
28239
22189
20582
21358
25725
20570
23878
28312
25847
29710
24188
28300
23947
25327
23941
21454
20536
24757
23183
28344
22261
26888
27957
25772
28835
24768
26828
25999
23754
24977
27611
29711
25746
25889
25808
26430
24369
27929
24657
20395
29223
22768
20507
27580
27066
28828
20732
24392
26084
20714
22912
23499
24993
28982
22712
22943
27158
27152
22643
24451
29279
21795
26837
28168
28503
23527
24961
25147
22000
22300
25572
24158
28930
23603
23827
28385
26447
21559
24947
23019
26237
24417
27308
21215
29629
22205
24448
23816
26472
22363
21214
21822
22826
28206
22732
23786
25932
28294
28998
28929
29951
29460
20802
28048
26337
28877
21394
27420
24380
26985
23304
22299
21150
26504
28603
22407
24371
27494
20059
29238
27891
21072
24783
27565
24596
23661
20213
29277
23277
29371
21960
23777
21957
27161
24618
29678
24754
26012
24326
25084
29982
21579
24438
27399
27928
23995
25773
29727
20286
20705
22813
20981
22509
23607
25492
23521
25098
29979
27318
28390
21615
21652
26188
28913
22717
28462
23616
23977
21389
24978
25642
20928
20747
21470
21740
24927
24027
29682
20812
24123
26732
28024
27511
25452
22065
20676
20391
25680
28450
29471
23157
20060
28935
24851
29226
22439
27358
23872
22828
26591
22966
26680
26225
25089
23884
22025
20114
25694
23266
26325
24241
27893
21647
27844
23443
21635
28055
25529
22147
20524
28562
29737
26802
20182
27258
27872
22022
23096
27938
22255
29297
28594
27478
26454
28543
26603
25672
21801
21236
27630
22187
21362
23357
20922
20119
25079
29213
26426
25442
23928
20098
27956
26754
26801
28721
20491
20534
24206
22234
25652
21964
23621
27933
25938
25435
23274
23251
21272
20911
24313
26465
26988
25204
26755
26500
22325
27479
21067
22095
21259
27592
22552
25463
20593
27636
21934
23072
28335
28071
22749
26600
25229
20300
26441
27733
23610
25533
29061
26185
25688
25359
27702
20848
23525
20441
24611
27508
23580
21605
28276
29101
27699
22596
20912
29665
29013
21204
20261
29674
27963
28662
24753
20906
21835
20573
22691
28074
27162
22989
25095
26945
29082
24905
28619
25293
22199
25742
25150
22220
23405
27579
26589
28476
27768
29179
24327
29757
22260
20428
27672
24056
20361
26653
22788
20957
26886
21311
20788
21315
29695
27923
25589
21826
20406
29278
29809
26982
26016
28748
29945
20650
29524
27732
28796
25922
28779
27275
26300
21386
23446
28999
25378
24101
20312
27982
28128
23753
26969
23480
29035
26537
23637
25356
29997
26883
26277
24700
26292
24658
22273
20177
28607
24273
25425
25766
23929
21185
25625
21779
29766
23091
29833
21592
27703
27259
23649
23535
27157
26048
29047
27802
20688
22423
25550
29334
26146
21223
28139
21947
26253
20042
27310
29436
28505
29267
24118
20408
24543
27679
29133
20850
28289
26134
24561
26208
23402
22657
22829
23659
27612
29653
26512
23876
29229
25072
29274
24920
20364
26233
28812
27301
22827
25193
22614
26736
25536
27856
20945
22672
29847
25206
26181
26449
25318
24014
28386
25201
27691
22360
27417
26964
26667
24559
21427
24903
20125
21465
27357
20620
29191
27076
26009
21367
20155
20935
21765
25125
28032
29773
21300
29904
26154
28776
20615
25720
20353
28442
21888
23107
20991
20306
23739
21544
23491
29942
29357
27194
27014
27054
25653
20833
21009
21103
25670
24513
24921
24568
27533
20396
23002
21667
24412
29028
20877
27075
27545
29192
24200
22907
24999
27505
26039
20557
26564
23498
24909
25126
22483
22679
21945
23916
27269
29273
21586
26951
24399
22208
28179
21128
24172
26458
20666
22066
20694
28547
22591
25577
27016
20329
24262
23544
20269
29573
29769
23879
22106
22950
20607
29599
28209
24515
28172
29455
27050
29535
27988
24527
25355
29893
27712
22578
20063
28035
27718
27779
21062
22981
29839
20209
25806
23094
28888
29794
21360
29015
25122
26085
26659
29251
21838
28832
21479
20766
25908
20307
24209
26362
20493
22687
25205
24205
28089
20886
20939
21013
28739
21437
23552
27558
20071
29071
21292
20797
25671
25315
28740
29309
21599
25713
29116
21071
20121
26036
28625
23371
27116
28283
24956
22671
20560
25019
24142
24697
20427
23362
27984
21410
24322
27816
22002
21901
29765
21027
21963
28241
20626
20769
29708
21420
27812
26605
25118
21785
24778
23086
21282
21629
22947
26196
27736
25411
29218
26254
24525
20584
26467
23720
24930
29949
28809
22608
28073
26841
26639
27577
21858
28161
26794
27148
21810
28570
22636
28160
28348
24624
22998
20608
21614
27442
27665
28815
24052
24804
23663
27599
25724
22688
25257
20073
27070
27454
20012
23505
28473
23568
21401
24427
23112
20533
28770
23831
23711
28898
28601
20412
29343
25852
24457
25440
29786
21090
27375
26510
20356
21892
26636
23223
23102
29635
21132
25860
29701
22755
28010
27159
23657
26518
24283
27931
24025
28841
22316
21721
24294
26549
27120
21266
23385
24041
23996
29317
24791
21184
20092
25764
26720
23889
24843
25498
28378
27354
23275
21320
22785
25895
24192
29301
21758
21574
23215
28785
29019
22744
29958
28794
24617
25333
29115
27739
21872
21042
20180
24877
27814
28925
25854
20839
27273
26470
20980
20958
27550
28924
21045
27380
20002
28894
20800
26410
23748
26332
28685
20172
20879
23451
23354
28404
26468
21983
25156
29842
29232
20784
28359
20340
21700
28705
24667
22881
29901
29749
21756
26872
23513
20025
23319
20529
23921
27918
25408
22438
28668
20188
26599
27804
24174
20515
20260
21213
20247
29712
28436
24235
24278
29967
20202
23328
25907
23247
22072
23550
24013
27824
22838
24081
20088
24091
23472
22626
22386
26650
24538
29395
28604
21651
27726
20229
24197
28977
25582
24590
26079
27551
22764
28927
21002
25901
22074
28142
22082
22633
27769
25937
28353
24606
26391
21033
27826
25384
23759
25941
28424
26710
23455
24644
21366
20388
24952
25617
27756
22413
21573
20349
24656
21195
24973
29414
26685
21310
20038
24672
21860
26830
26163
24731
22420
24945
21871
29175
23913
26558
28333
20183
29891
21238
27457
23734
29063
23408
26819
20127
28724
21834
21309
22991
23388
24165
22992
25265
20070
21508
20913
22098
29451
24185
25316
21961
23848
21913
29253
22519
21546
20795
22902
20237
25910
20840
28166
27264
22530
29605
27909
21125
24446
20290
28942
25468
24691
26498
28638
25856
28229
20081
27677
22311
26008
28699
24704
25307
22620
23026
20104
25800
26936
21634
26222
23551
23508
24937
25107
23468
23528
22930
26224
24189
21186
23117
29275
25611
25946
23361
26258
27010
28978
25810
26023
22049
29666
28498
23698
26419
23047
29756
29359
27536
20576
27760
27901
27522
29360
24939
23943
21073
20966
24218
21880
21662
24005
20124
24738
20298
23041
25635
29445
24425
25594
23830
22075
23577
28885
24616
24335
27488
22925
23534
25030
29105
28092
28538
25752
29846
27366
24940
21817
29187
22738
23305
27046
25950
21098
21995
26507
28718
28728
28954
24555
24087
21146
29283
22341
21208
23836
29834
24495
25571
25323
29518
23798
22167
20631
25591
29735
24941
27218
28834
29956
22556
25485
22258
28325
23330
28085
21239
23252
26457
22224
24149
24194
28131
20512
25434
29555
20463
29864
26400
27429
25974
27065
25853
21115
27833
22339
21026
20762
26523
20264
26082
29669
22084
23631
21448
23478
23773
28449
20453
26741
24966
22357
22655
20019
26679
21034
23980
29406
23600
28788
24445
23751
22134
21121
26954
20268
22617
20502
27554
23116
22352
28890
20603
28544
26059
26987
23466
28693
29836
24817
28640
24943
20724
29342
26919
25390
22445
24659
21286
28060
26977
25641
29288
22342
24880
25645
22138
24580
26903
28643
20670
20443
28332
21018
24317
23485
20065
25437
29930
24678
25431
24983
29596
24178
29145
22349
24424
28039
24044
24419
26494
28798
20985
22922
23787
21705
25630
26344
26236
20052
25556
28467
22056
23982
24662
23262
20136
26115
27300
29270
20482
27915
27940
22651
28454
20319
21111
25687
26160
27534
27803
24622
22343
29146
29578
21406
28658
20034
23228
26212
23864
27694
28097
28656
28088
29572
21265
25047
29663
27304
21296
20221
23201
27584
25075
25110
21229
26320
22096
21280
28101
29295
20049
25518
22825
27237
29307
25218
22127
22684
24637
24112
25051
28225
29688
26186
25951
27270
21328
23329
26551
26328
23435
21902
22038
27979
20592
27199
24570
29212
23732
25739
25484
21582
26354
29442
23914
20792
24872
26278
28266
22511
21903
24962
28946
26751
23586
24201
22741
24384
21918
27770
20568
20149
20368
20824
27371
23667
20703
20729
28948
26262
25559
23052
26313
25340
24217
27386
28412
20720
28717
28375
24878
25449
27090
24137
26594
21977
27927
24794
21644
28918
27099
25444
29597
26784
27890
22896
26965
26060
26289
21342
28807
25982
20942
27213
20755
25087
28940
20517
21937
21706
23811
26097
21820
25069
27885
26365
22540
28216
21228
24325
22334
28823
27473
26831
20645
24354
28900
22685
20212
23351
27409
21168
20718
23703
27255
26621
27381
24159
29748
25771
29512
23036
23285
21109
22400
28017
22870
25778
28058
27632
25669
24560
26572
29877
27138
25283
29423
20028
22209
20357
27606
25706
26662
22063
28090
21571
22646
27496
24085
25090
24057
22080
23231
23635
25603
25469
23701
24179
24743
29246
21476
25834
28474
20728
27104
26276
23350
29983
23018
20708
28040
23972
29916
29595
27662
27626
28061
29970
28758
27878
26116
25843
21890
23034
27164
20924
28723
21028
28327
26920
23644
25952
22588
23460
27734
24988
28598
26228
27100
27671
20704
26962
28657
23092
21873
21216
24252
29567
22551
23541
27852
25203
23273
22605
29726
25169
26243
22740
20535
20874
21578
22729
21778
26852
24793
20249
28124
23432
27165
28697
24625
26678
22455
28661
23584
25790
28242
21732
24516
25033
23518
24115
22600
27372
25750
24703
24156
26140
28006
21736
21083
27686
25756
29829
29396
28099
29895
24037
24792
28403
25865
24131
23048
24889
28996
29631
22055
22321
20733
29856
23578
26028
22497
28434
27598
23003
23699
20636
25576
26719
21619
22521
23838
28468
21851
25338
25620
21618
23436
20405
24526
29507
26047
22488
28507
23532
21696
25708
29652
24610
23152
21500
26569
20481
22108
26738
20702
26375
24724
28956
29879
21560
25219
26144
22372
27766
22031
22908
21325
23159
23324
23944
21416
28557
29000
22296
25470
24762
24468
20609
22918
25366
26630
26766
21369
29068
26935
22953
27818
26314
29550
22668
23503
28695
22955
28889
26896
29128
21087
27619
20745
29474
26195
27886
22088
27093
29700
29216
28864
27229
29870
29734
26762
28268
27765
24430
26074
29866
25588
23419
27670
29988
21731
24715
28194
29050
22336
21545
22137
27587
26401
25058
23585
20410
25504
29558
20365
22118
26580
28896
22842
26547
28334
23433
26654
28636
23524
28590
21346
29876
29075
23593
24070
26049
21556
25521
27002
29316
24539
22806
22708
26689
20854
24541
21940
29459
23936
21512
23628
21273
21193
22650
26124
26238
24809
27959
21713
29266
27935
23314
21481
22332
27727
21004
21580
23298
25649
26118
24506
21396
21622
29358
27832
28875
20689
28306
24938
22307
27627
27563
25592
23968
20915
28561
26315
26586
27597
22440
23934
26765
29994
23775
23369
21130
27029
26350
20587
29637
25158
20861
29332
21598
22789
29554
23166
24912
22529
20523
20859
21051
27831
25054
24479
27860
28969
26309
22183
24492
22449
25105
23559
23067
21894
25091
27888
20131
27836
27419
29285
25545
23733
21626
27996
28943
22315
25579
29271
25733
26271
21161
29160
22709
27640
29755
28407
20179
24535
20311
22718
22090
22496
21527
27097
23254
29681
29661
23769
23084
26995
26932
25085
23862
25077
25210
25776
27516
28762
29485
24664
28193
27755
23905
29525
21607
25745
24829
22700
23964
27119
26445
28826
25002
29643
27190
22670
20602
21063
28191
20907
23950
24789
22100
21989
29873
21987
24352
23843
28243
21443
25035
26847
29339
29534
22017
22621
22441
28087
20407
27920
24375
22776
29619
24765
24826
27006
22362
21909
27041
21322
23370
26598
28882
23824
21716
23515
22560
22251
20722
21815
20181
29308
25632
27049
28907
22856
29801
25234
21104
24663
26748
25700
22117
25190
23175
28781
25351
25109
20538
28552
24036
22043
21349
26180
28494
27638
27970
23840
27171
26073
27298
25237
23869
23560
20541
23820
25775
28098
24104
28759
26826
23488
23906
26975
26904
22229
23604
22894
21686
29021
27033
25385
22555
29257
26164
21227
24233
20577
27974
26715
25954
20103
25681
29750
26135
24181
23355
24437
21046
26625
21166
27735
24458
27107
28452
24933
26040
24316
22567
21633
22542
26933
26997
27552
29287
27208
23945
21771
27312
24929
23248
22934
24170
23815
22942
22512
26383
29293
25978
22769
27349
24312
26633
22701
29163
25031
22969
28126
24957
21257
23035
28589
29379
22974
29197
23689
21022
20635
20737
22001
25211
25298
27849
23623
20944
26729
21680
25477
22126
25299
23313
27396
24595
25403
27022
24799
20404
24308
25866
20335
21219
28199
26539
21225
21905
25973
26006
25473
29570
27518
21849
24089
22850
21887
22338
20091
27655
28272
28891
20746
24280
21547
27622
29520
24523
20402
24286
28497
24875
21507
28933
25876
26495
27617
29521
23331
26272
21274
26791
23837
23008
26743
20186
24755
26686
28481
26216
26703
24306
26532
24433
20048
22396
24949
25242
29768
21053
26317
23494
28144
25256
20274
23571
21642
23685
29975
29593
22910
28236
29005
26674
26508
28387
27969
26566
20276
23257
25391
25519
28575
24111
26173
21177
24258
25361
25979
24948
20712
27983
25232
29147
20667
28296
24264
25116
26319
28653
22835
28489
23636
21804
21357
20284
29732
20273
23883
22451
26176
29543
25383
25788
23629
24980
27857
29201
27235
27867
24072
23440
21385
28786
21391
26487
22097
21794
22599
22482
27137
28392
26990
20691
24475
26393
20968
23670
28765
26812
22568
27187
24393
25148
26127
20553
29517
22890
29391
22141
21307
21549
29132
20265
27520
24350
28290
23707
21591
29321
28223
26499
26129
23170
27787
20027
23197
26516
21461
20128
25741
22443
28768
27367
28371
23890
20355
27391
24795
22345
28968
24588
26664
28919
20799
22559
25657
23810
21497
28046
29514
26046
29336
24744
22919
22471
27365
26974
20162
26774
23999
27123
20726
23016
23467
27215
23406
25369
21462
25744
22544
21402
20810
27404
23665
24522
20220
23531
28102
20469
25241
21173
28472
27427
29469
22434
22715
23210
29586
26757
26221
29618
22983
21853
22996
22132
28393
28420
20851
26424
20035
25839
29252
28188
24557
22694
21403
22536
21107
25244
28529
28831
25263
24655
27493
29412
28381
26797
21106
27147
24105
25106
24581
26484
28577
25947
23462
26544
20710
23185
22328
24349
22888
20077
23049
29180
21897
21378
29041
21383
23868
20641
22431
21956
27948
22763
28019
22757
25397
22961
27661
28251
28867
22468
22526
22784
28725
25815
27274
21596
27368
24260
24870
28775
26958
26179
20203
25456
28361
29373
22534
27201
26584
24266
26374
21232
22623
25624
22634
21793
22606
20779
21019
29398
28054
27236
27285
22554
29499
29456
23173
24253
29326
27566
29362
22833
22159
21163
28026
23046
21597
27822
26035
20317
22450
22948
29171
23555
25339
21124
25683
20263
22145
21007
29576
21837
21458
21154
25832
20692
25009
29668
29830
20089
27172
21675
20665
26150
24295
24421
27483
21155
25212
23120
24719
21424
28298
29057
20211
29404
22893
22635
27912
27647
27897
23591
27648
22150
27230
24497
29045
24558
27710
24358
26534
26513
29664
26477
22857
24223
23323
27704
